17,24,36,56,13,54,55,38,62,4,12,10,61,20,39,25,35,47,18,48,42,53,28,6,11,16,1,15,32,59,64,51,50,41,49,33,23,3,19,40,29,37,46,71,70,72,65,68,75,69,67
56,28,16,5,6,19,31,38,23,51,62,25,18,34,13,24,37,4,41,54,48,15,43,20,36,55,42,29,35,45,53,14,11,49,7,21,47,30,63,60,2,57,46,74,73,69,68,71,76,75,66
18,63,40,14,8,29,54,35,55,41,20,23,60,1,36,6,22,31,46,53,48,52,32,19,21,9,39,45,62,3,2,44,30,56,17,16,28,61,64,59,49,24,42,70,66,72,65,71,69,68,75
30,32,12,33,5,17,13,59,51,25,43,47,22,4,57,36,50,64,39,46,18,48,38,27,53,24,35,11,7,63,44,29,49,45,52,28,16,20,37,3,23,42,58,66,74,68,72,67,76,75,71
12,33,35,8,16,43,56,6,59,53,45,17,34,49,48,55,13,61,15,23,41,22,11,2,51,52,14,5,38,54,36,62,63,18,50,39,9,60,24,4,10,37,26,66,70,74,71,72,68,73,67
7,16,31,23,57,62,19,63,45,39,9,4,40,32,54,53,6,18,8,14,50,12,46,20,59,2,21,33,56,55,5,11,34,51,64,30,49,27,44,13,17,3,61,65,75,71,76,68,72,67,69
12,52,5,25,9,64,49,42,15,28,62,19,51,32,34,16,20,47,40,43,36,50,59,63,46,57,58,31,3,13,38,6,53,37,30,33,45,11,18,7,39,4,60,73,70,65,72,68,71,66,69
6,56,30,7,20,50,17,34,47,4,38,54,25,23,29,46,12,11,60,16,39,8,21,18,51,26,53,9,37,28,59,55,31,5,32,27,15,62,10,58,43,36,33,72,67,74,73,76,70,75,68
1,60,62,22,45,47,41,28,57,17,38,44,23,27,34,8,55,20,4,42,37,54,40,3,16,21,46,30,51,2,48,31,35,10,63,18,49,12,33,24,58,32,61,70,69,66,65,76,75,72,68
5,11,30,1,27,16,55,41,10,60,38,25,50,37,20,6,12,57,21,23,31,33,7,35,54,45,52,8,61,44,64,36,47,56,34,48,13,29,14,22,2,28,59,72,76,69,73,68,70,74,67
56,30,1,45,43,12,38,31,19,36,61,58,64,7,20,46,39,55,54,49,27,2,15,59,5,60,42,13,51,22,14,32,21,11,6,4,28,57,53,52,33,34,62,75,73,68,65,76,70,69,74
9,22,46,56,42,15,38,17,54,64,23,14,5,43,27,33,20,40,34,16,60,28,2,25,57,3,21,36,26,48,55,37,58,49,35,53,29,11,12,32,61,4,47,76,75,68,74,72,65,70,66
35,34,45,25,10,21,37,4,48,12,30,8,17,32,13,51,24,62,40,52,14,36,19,50,57,3,27,61,33,11,49,7,26,43,1,58,20,63,18,22,9,60,41,66,67,70,71,73,75,69,65
40,23,37,56,12,22,39,44,30,46,29,27,59,19,7,15,14,62,36,50,63,26,52,16,18,1,35,3,51,54,21,48,64,25,6,38,33,43,24,55,17,49,2,70,76,74,71,75,68,65,73
29,28,2,9,26,46,1,35,51,39,15,59,18,30,22,3,36,60,57,49,32,13,12,53,4,62,14,21,50,10,7,43,16,47,40,20,38,25,54,56,11,5,41,67,75,69,71,66,73,72,65
11,36,46,54,43,29,48,1,56,35,24,2,40,64,50,45,55,58,22,39,8,27,13,19,53,7,3,47,42,41,62,44,17,26,51,25,57,60,20,49,32,9,21,69,65,68,74,67,71,72,70
60,58,16,44,21,33,61,47,49,2,12,20,62,38,35,45,41,37,19,26,4,51,48,64,57,6,10,46,18,52,55,22,23,11,29,59,34,27,39,1,7,17,56,67,65,76,71,75,72,74,70
41,46,5,26,59,49,13,28,1,15,25,40,52,17,48,50,44,24,37,63,30,54,14,56,3,4,64,58,62,21,2,38,6,61,47,8,32,7,34,31,39,43,33,71,73,76,65,75,68,72,74
46,56,21,60,61,3,52,47,41,16,28,23,32,48,13,14,36,51,43,62,38,49,9,44,59,17,18,55,25,27,31,54,40,6,20,26,39,8,53,5,12,1,35,70,66,71,67,75,73,76,69
47,63,34,27,58,9,4,2,35,39,44,8,59,51,20,10,23,26,16,45,24,6,19,64,52,43,30,54,11,7,49,18,22,12,29,60,57,14,46,21,41,32,31,66,75,69,73,72,67,65,76
1,52,11,63,62,46,31,16,20,39,32,25,18,50,33,10,61,53,41,7,60,8,26,21,43,57,23,12,48,51,2,36,15,29,27,5,22,44,54,3,47,28,56,66,70,74,67,76,71,73,72
1,40,25,55,31,43,2,22,57,19,20,34,58,36,41,62,6,59,54,56,32,11,13,29,60,64,21,49,53,37,9,14,4,5,46,47,12,26,10,48,17,39,16,74,70,68,71,67,75,65,76
32,53,48,56,17,27,16,19,49,7,22,54,23,10,14,33,40,20,8,13,36,46,34,63,45,11,31,4,38,3,25,29,64,43,1,55,37,39,35,44,50,42,21,69,75,67,71,66,70,76,74
30,43,5,40,48,14,3,22,20,25,21,49,10,8,31,1,4,37,44,52,29,15,41,34,64,9,2,59,27,33,23,24,28,57,26,13,19,60,56,38,7,45,54,76,65,70,75,69,73,68,72
23,9,6,22,60,32,20,18,61,2,55,47,21,24,52,35,58,51,54,14,43,41,44,33,31,3,62,5,28,59,45,7,12,16,36,39,4,50,8,19,38,10,49,76,65,68,67,74,70,71,72
44,11,50,64,56,1,35,21,42,60,15,14,36,25,19,3,61,38,23,2,46,17,57,43,59,55,7,8,52,34,26,49,41,62,53,40,13,30,18,58,31,4,48,74,69,71,65,76,67,66,68
11,5,3,52,23,61,6,29,43,34,57,49,59,15,7,9,56,58,14,8,4,64,31,27,44,50,47,51,53,20,35,40,38,54,26,41,33,1,16,45,46,36,28,71,68,66,67,73,70,69,76
54,10,37,51,38,28,16,2,19,13,48,36,59,29,55,1,46,34,50,47,39,17,31,63,26,44,15,18,30,62,57,5,6,3,64,45,58,41,60,23,27,25,9,76,72,74,67,68,65,71,73
24,51,1,52,23,60,56,28,31,61,47,14,36,59,11,34,54,13,22,15,8,58,63,10,3,27,43,5,25,62,48,55,50,53,33,41,37,9,57,21,16,4,44,74,76,66,68,73,71,67,72
46,1,3,6,24,54,26,44,40,10,47,5,9,57,32,11,33,64,41,51,21,4,37,52,22,53,15,28,58,43,45,63,34,31,36,25,49,56,42,7,30,12,19,73,75,66,72,68,70,76,69
62,18,46,5,55,8,33,35,59,29,20,1,3,45,42,21,51,23,22,30,56,61,37,10,47,34,14,50,32,27,44,26,28,2,6,25,19,24,64,41,52,38,15,74,70,76,71,66,72,75,67
59,58,51,35,37,47,26,24,32,9,44,27,8,6,62,1,12,42,4,7,3,2,39,61,52,20,48,11,5,16,57,38,23,53,31,56,10,43,34,41,14,18,54,73,74,65,76,68,70,71,66
51,6,3,32,62,63,40,2,25,42,45,21,33,18,27,13,28,43,50,60,5,15,55,30,4,24,19,10,11,17,52,14,48,41,9,16,35,7,23,26,39,54,34,73,66,76,75,65,71,68,72
54,63,64,25,57,20,60,33,58,46,11,56,12,2,38,32,3,49,47,34,6,7,8,1,26,15,62,43,42,36,9,44,30,50,48,31,16,22,45,21,24,5,10,69,75,71,72,73,65,67,68
3,48,37,32,28,2,56,57,36,24,15,5,18,46,16,20,60,29,27,10,62,59,51,52,54,31,7,19,42,41,17,49,44,21,26,12,58,11,53,6,23,43,30,65,71,67,70,66,74,75,69
8,17,12,46,56,30,38,11,34,49,27,1,10,16,14,4,18,28,25,47,22,6,41,31,15,43,9,45,2,21,39,26,32,60,19,51,23,58,29,36,50,13,52,76,72,67,73,68,70,69,74
33,35,61,5,47,52,58,56,36,4,7,27,63,10,9,6,8,41,20,40,37,43,53,29,32,2,45,26,16,50,1,14,44,19,30,57,15,22,3,54,59,49,55,71,70,73,76,67,75,66,72
10,12,15,49,24,54,8,57,43,18,2,37,23,46,4,52,56,33,62,27,39,20,51,60,17,47,6,25,1,63,44,36,3,7,30,42,55,34,58,53,19,59,28,66,69,74,75,65,71,73,72
24,31,42,48,49,5,10,3,14,51,1,13,9,8,33,64,34,56,46,53,60,4,29,55,22,32,12,26,28,58,44,50,18,62,7,30,47,45,21,54,19,20,63,73,67,68,71,74,70,72,75
55,24,11,12,52,20,45,4,14,56,21,47,51,58,22,10,57,28,48,63,54,3,25,33,60,2,16,46,1,30,61,49,27,13,36,39,44,29,32,38,41,40,26,68,73,65,67,66,69,70,72
24,8,49,5,48,63,46,21,35,51,6,38,9,14,39,30,61,59,33,13,55,25,15,41,52,64,16,20,62,1,23,36,44,28,43,2,27,32,45,54,17,26,31,68,66,73,75,69,71,76,72
42,49,3,35,8,41,54,32,33,29,36,57,5,60,50,63,15,38,53,19,18,39,61,11,51,47,46,13,31,1,40,58,2,28,20,7,64,62,30,56,45,10,44,65,69,67,73,75,68,72,76
14,22,28,7,37,6,56,34,10,29,3,58,2,63,36,51,23,18,50,44,20,12,62,31,24,15,45,59,53,61,41,19,11,9,48,17,16,47,26,38,33,4,57,75,70,65,69,74,72,76,73
58,54,8,14,42,39,6,34,53,62,29,50,23,21,19,63,64,31,37,55,22,48,49,20,9,28,13,41,44,27,2,51,43,36,45,3,46,33,5,32,4,30,15,70,67,65,72,68,74,66,76
16,14,18,19,54,45,7,44,24,13,1,2,63,12,64,59,46,56,8,9,49,22,4,33,23,38,34,27,5,6,51,41,30,17,48,37,43,25,31,60,3,28,20,70,73,67,74,69,66,68,71
33,50,28,18,57,2,63,26,36,43,16,7,47,21,38,6,17,60,15,51,61,45,19,11,27,10,31,30,22,42,59,46,55,1,52,3,29,32,58,9,35,62,8,68,72,76,74,67,71,69,70
60,47,52,49,54,50,22,59,45,10,9,51,24,4,57,1,62,21,18,34,13,29,33,30,40,58,26,11,15,20,56,32,7,44,27,63,55,19,53,23,39,38,61,69,76,71,75,67,72,68,65
26,17,11,4,61,58,47,2,31,1,42,41,55,54,43,21,56,20,15,35,32,40,64,3,30,36,27,22,49,13,19,50,9,51,39,38,44,62,24,59,14,46,33,68,76,74,75,69,70,67,72
45,9,41,49,15,51,28,19,56,42,26,14,20,16,39,22,32,12,53,55,7,21,34,46,61,2,27,52,62,8,50,47,17,33,30,64,3,57,5,60,58,59,35,67,75,65,68,72,76,70,74
21,34,5,52,26,59,28,61,2,11,64,17,58,38,48,25,7,29,46,62,40,15,20,8,43,50,49,9,33,12,32,53,19,23,39,37,51,6,31,24,30,42,4,74,69,76,70,66,67,73,65
57,13,39,49,45,60,31,36,26,14,4,24,41,7,50,40,48,2,27,19,21,18,25,11,35,62,64,37,53,52,30,23,16,20,44,58,42,59,56,51,12,1,6,68,72,75,76,67,70,73,71
14,58,37,11,41,7,31,54,9,33,48,10,25,8,5,15,12,34,52,64,56,40,2,46,59,23,18,19,62,45,32,49,51,28,6,3,43,24,22,53,50,38,60,70,75,65,74,76,66,71,72
56,4,13,35,3,2,12,20,16,11,58,62,22,45,14,37,17,46,29,39,6,24,33,55,57,23,19,51,1,50,53,60,10,43,25,44,26,42,31,34,63,8,5,74,70,68,66,71,65,76,75
38,34,26,45,54,7,19,21,15,59,32,11,31,52,49,53,12,8,37,5,57,4,40,47,29,64,42,10,23,61,55,3,9,14,22,50,35,17,24,46,33,58,62,74,66,73,69,76,71,70,65
31,22,52,33,27,4,15,23,7,24,13,46,12,39,36,5,55,6,54,11,9,1,40,49,17,64,41,53,37,28,19,26,61,56,14,10,16,60,59,29,34,30,62,75,73,69,76,74,68,65,66
63,14,64,18,8,11,17,37,54,4,3,56,22,13,6,43,60,26,24,62,31,33,41,15,45,61,47,20,1,44,19,30,35,28,21,25,51,58,12,29,7,23,16,75,72,69,73,66,65,68,67
19,18,38,24,63,23,48,14,56,34,45,13,41,3,26,43,58,64,22,47,52,21,40,6,59,29,1,61,57,4,42,49,35,53,51,37,55,11,62,16,15,33,9,76,67,66,69,68,72,65,75
44,35,39,19,18,36,10,53,56,42,27,50,33,20,58,59,45,52,41,11,25,9,23,40,47,8,16,31,38,14,2,5,22,34,30,4,60,1,37,46,51,24,49,68,72,74,69,76,70,66,71
25,4,18,44,20,36,31,50,30,7,42,63,37,3,40,39,27,41,10,11,56,60,28,53,14,32,57,2,49,43,58,26,62,15,45,17,48,8,51,55,5,13,59,70,66,68,72,73,75,67,74
62,27,9,50,49,54,41,63,5,58,51,2,6,21,8,52,14,28,7,23,16,18,12,43,19,33,48,17,1,34,42,36,35,20,64,29,3,4,46,60,45,61,30,71,68,69,75,67,65,70,76
36,55,54,38,1,20,51,29,58,63,17,60,22,40,48,64,25,35,56,37,32,19,43,47,16,27,3,31,53,4,62,23,59,28,10,46,21,5,18,33,9,49,12,66,74,67,70,75,73,71,68
1,61,31,33,4,10,44,19,35,63,3,21,17,23,18,37,46,11,39,2,42,43,56,28,12,34,55,14,32,57,20,64,30,48,52,62,27,5,40,8,47,53,50,73,71,69,65,70,66,76,72
57,42,2,8,10,28,44,48,50,1,3,12,38,41,32,61,24,36,13,35,9,17,64,19,47,23,54,5,6,31,33,30,4,25,55,21,15,49,43,45,46,22,37,70,71,67,68,76,72,74,73
23,48,36,39,24,61,40,45,43,1,13,37,63,5,34,32,57,56,2,15,59,10,21,20,22,53,42,41,64,44,3,47,16,33,17,54,62,46,31,28,29,9,26,65,71,69,76,68,73,75,66
63,3,9,57,6,56,40,1,48,29,23,46,31,4,7,21,58,19,55,28,24,26,33,53,34,39,62,32,25,11,60,43,37,27,49,44,14,13,38,61,10,54,64,73,70,74,71,72,67,68,66
55,4,48,44,47,38,62,24,53,16,7,32,2,5,17,63,34,49,15,50,18,58,26,56,10,12,13,35,45,51,37,11,41,8,52,36,23,30,1,28,3,21,20,75,71,69,76,72,74,73,68
54,24,36,39,37,3,2,4,17,7,46,31,29,52,6,25,9,16,14,40,44,20,19,13,11,53,1,58,60,43,61,42,55,49,51,59,45,33,38,27,63,32,57,76,68,70,69,72,75,67,65
43,5,13,57,58,15,24,46,50,53,34,12,28,62,48,2,31,61,63,11,7,16,59,4,39,56,49,36,17,21,54,55,22,38,27,52,30,35,32,51,18,29,40,75,65,68,66,76,74,69,67
49,57,20,34,60,12,1,18,28,2,48,50,64,3,42,41,27,53,37,52,32,25,21,9,8,33,61,22,14,45,36,19,62,43,16,30,58,47,35,59,63,24,44,68,66,75,67,73,65,70,69
25,32,21,48,47,17,23,34,56,46,40,22,50,41,36,37,2,3,42,28,63,1,7,59,29,12,44,30,55,53,4,10,64,14,52,51,35,5,58,49,20,60,13,65,76,67,70,68,72,75,66
44,28,16,9,38,35,33,2,20,21,57,36,3,52,1,11,64,17,47,39,43,48,4,19,60,6,58,56,61,15,26,37,24,53,14,22,27,54,49,42,32,25,51,74,76,70,67,66,69,72,73
60,29,11,63,53,49,55,30,6,51,54,61,22,57,47,24,52,16,3,27,8,37,12,33,58,41,19,36,46,23,64,38,39,40,10,14,59,5,25,45,44,56,43,65,76,74,71,67,72,70,68
64,62,22,55,39,18,17,4,56,53,8,51,46,12,41,52,40,50,60,36,33,13,31,23,54,14,26,42,43,15,34,29,25,16,24,57,1,30,3,37,44,6,7,67,68,66,71,75,76,70,74
49,56,21,2,47,28,3,46,42,48,50,23,45,17,8,62,14,16,18,60,5,4,38,57,61,24,51,11,52,44,36,40,34,37,27,59,10,54,26,7,20,53,19,65,76,70,66,74,68,73,75
57,11,49,64,32,2,8,13,36,40,21,23,10,9,29,47,35,50,22,59,56,15,1,39,31,41,63,28,53,18,30,42,48,62,17,7,33,19,3,26,27,34,45,65,70,74,75,66,67,69,76
2,5,37,62,59,64,51,11,61,26,18,9,23,52,50,40,17,24,14,25,12,41,6,19,27,47,22,1,32,54,58,8,4,36,44,45,16,46,55,21,31,63,53,65,73,70,67,71,75,74,66
53,3,54,1,17,28,37,6,18,32,36,42,7,12,56,23,4,51,24,49,30,9,22,11,41,55,16,10,2,29,15,20,62,43,34,31,27,60,33,57,45,21,46,69,76,67,70,68,65,72,75
37,15,8,51,57,2,3,50,20,17,48,49,26,52,10,13,55,33,7,22,64,12,47,62,16,39,6,46,5,25,32,14,61,36,1,58,63,59,45,27,4,35,60,74,65,69,68,72,66,76,70
61,7,43,18,49,50,40,24,20,17,45,27,26,19,62,16,11,28,39,6,55,29,8,21,2,56,36,15,52,25,44,10,35,42,60,64,3,30,1,5,48,32,9,65,66,70,74,73,67,72,68
53,57,61,17,48,12,1,32,23,51,29,3,30,11,22,59,60,31,36,45,46,14,5,43,58,2,52,6,39,28,40,8,35,10,56,55,37,13,7,24,42,21,50,76,65,75,69,67,70,71,72
25,27,39,26,16,57,2,15,7,14,53,46,21,64,49,48,62,31,35,32,42,43,3,11,41,36,59,40,56,17,55,5,1,20,44,47,52,58,60,30,22,18,9,70,68,65,75,67,66,73,72
9,8,33,43,16,26,54,45,62,50,39,18,52,53,44,24,20,12,15,61,30,21,46,34,36,59,55,35,49,42,22,1,41,23,37,5,51,19,60,29,2,11,4,68,76,69,70,67,73,65,75
37,54,7,11,24,25,23,1,15,48,52,14,2,53,26,55,6,36,5,62,22,30,42,49,64,44,39,33,10,34,35,21,51,59,41,8,3,43,29,27,58,40,19,66,72,67,65,75,74,69,70
4,24,37,16,21,31,47,14,7,20,50,53,59,62,49,44,18,25,58,15,13,33,63,3,17,51,45,61,27,1,46,56,35,11,2,29,60,54,30,26,28,9,12,67,70,65,74,76,66,73,68
64,55,38,7,45,48,8,50,51,3,62,19,10,28,23,53,17,12,42,31,20,26,37,40,60,11,15,21,18,61,35,34,52,13,63,22,32,25,56,9,43,5,29,72,71,73,65,75,70,67,66
4,59,16,32,50,56,60,29,7,17,31,52,14,5,49,33,57,8,51,40,54,48,53,42,15,41,11,44,61,6,35,47,36,21,25,23,2,28,27,45,12,3,9,68,72,74,71,73,65,67,69
12,22,39,26,57,59,48,52,37,23,29,27,45,13,42,18,38,43,11,33,1,60,64,14,56,35,17,31,10,21,44,41,9,7,40,4,8,3,47,30,36,16,20,68,65,72,75,69,73,66,67
35,63,38,56,15,21,61,13,49,50,22,33,36,18,47,24,58,42,23,59,2,25,45,53,55,12,5,1,19,51,7,30,48,14,16,54,39,8,17,62,43,41,27,69,71,73,67,75,76,74,66
35,33,51,44,56,6,21,42,18,47,58,22,55,11,12,15,13,34,19,48,5,1,49,40,14,38,20,43,28,4,63,9,26,25,64,54,27,2,29,52,45,39,32,71,72,76,68,74,66,70,69
28,1,61,27,10,8,4,2,15,33,12,24,18,57,21,20,58,32,54,34,44,62,47,42,17,23,38,53,31,16,30,5,35,19,40,37,25,43,55,9,60,46,14,65,69,67,70,72,71,74,75
46,13,47,33,11,17,30,31,34,24,21,43,57,29,63,35,6,52,61,3,41,32,25,55,19,12,15,45,56,8,58,48,36,28,23,53,18,22,62,38,42,10,37,67,75,68,66,72,70,74,65
28,12,27,15,30,7,53,62,20,11,13,60,31,50,33,38,40,3,55,52,58,23,19,48,10,64,6,61,47,4,17,18,8,39,63,49,9,29,26,21,43,42,57,69,75,68,66,74,71,70,72
34,17,38,12,57,50,47,48,59,10,52,42,20,41,23,11,28,1,32,54,14,16,25,13,55,37,53,45,7,24,44,18,30,29,49,22,36,39,19,2,58,15,61,74,71,69,73,72,67,76,66
11,63,51,40,34,30,23,61,59,19,60,6,32,57,27,50,24,22,37,5,43,10,18,29,47,7,49,26,20,52,64,28,25,3,41,16,58,14,55,21,31,15,44,66,65,68,69,71,75,73,70
62,43,11,20,16,54,21,22,48,8,30,28,49,40,36,4,27,10,45,51,31,13,32,39,58,42,17,23,9,63,52,7,14,18,60,38,53,19,37,44,50,61,56,73,66,75,69,67,76,70,65
17,56,48,15,23,3,53,7,26,2,25,19,18,41,6,61,63,50,54,64,43,22,4,46,10,27,1,49,33,45,44,29,62,30,36,47,34,58,21,13,9,32,39,74,67,73,69,68,71,70,76
49,1,7,26,11,48,54,16,19,32,64,40,39,33,8,24,15,50,5,28,61,62,63,10,36,55,58,30,29,56,59,25,37,57,18,43,46,38,13,42,20,51,2,70,76,67,66,69,65,73,72
60,36,7,43,28,33,55,4,18,30,3,49,51,47,58,15,21,44,9,42,53,35,37,40,52,59,39,26,14,1,31,25,12,17,64,6,8,32,20,57,56,48,16,70,73,65,74,69,68,75,67
6,19,3,22,15,52,63,58,48,21,60,49,46,17,5,10,9,23,7,26,4,40,12,2,57,55,56,33,43,14,29,45,27,53,41,47,18,64,44,25,11,54,42,72,67,65,66,68,76,70,75
44,3,22,11,32,54,42,16,19,40,12,23,50,13,63,27,10,49,21,36,15,18,20,9,35,4,5,1,60,25,34,17,24,47,48,41,52,46,31,43,55,28,33,70,69,74,75,66,68,71,67
