8,10,4,5,7,9,3,12,20,13,14,17,19,18,27,24,22,23,30,28,26,31,32,33,39,40,35,38,41,36
3,10,1,9,6,7,5,18,14,11,13,16,12,17,25,26,24,28,22,21,29,32,31,34,36,41,39,40,42,37
10,5,9,8,7,2,6,16,11,17,14,20,15,12,25,21,23,26,24,30,28,34,31,33,42,38,37,39,35,36
1,9,6,10,8,2,4,16,15,19,20,17,14,13,26,28,25,22,30,21,29,31,32,34,37,35,41,40,39,42
5,9,3,10,6,7,4,16,12,17,15,18,14,20,22,24,29,26,27,25,23,33,34,31,42,37,38,36,41,35
9,4,5,7,10,1,2,11,12,16,14,20,19,18,28,26,23,29,22,25,21,32,33,31,37,38,36,35,40,41
4,5,8,9,7,10,1,14,16,12,15,20,17,13,24,28,27,29,26,30,25,33,32,34,39,38,40,35,37,42
6,10,8,2,5,4,3,18,11,20,14,15,16,13,24,30,21,22,29,23,27,32,34,31,38,42,35,41,36,39
4,6,10,1,2,8,9,14,13,19,17,12,20,15,27,23,28,22,30,26,29,34,31,32,37,40,39,38,36,41
4,7,8,6,9,5,1,17,15,19,16,13,11,20,24,27,29,28,30,25,22,32,31,33,41,40,42,36,35,38
4,7,8,5,9,10,2,15,12,18,13,20,14,11,26,23,29,25,22,24,30,32,31,34,42,36,40,39,38,41
6,2,3,5,10,8,1,12,18,13,15,17,16,11,30,22,24,27,28,23,21,34,32,31,41,39,40,36,35,37
6,9,5,4,10,8,2,14,15,18,12,16,13,19,22,27,24,25,30,28,26,33,31,32,42,38,36,40,39,37
4,10,7,1,6,9,2,20,12,18,15,16,14,13,24,21,27,23,30,26,29,31,33,34,35,36,40,38,37,41
10,5,4,7,1,8,6,14,19,15,12,16,11,20,27,30,24,28,21,25,26,33,31,32,40,42,37,36,39,35
4,7,5,6,8,2,10,15,11,16,20,17,13,14,29,27,28,25,23,30,26,34,33,32,42,39,40,41,35,37
2,5,4,8,6,1,3,13,15,16,14,12,17,19,29,23,27,30,21,22,26,31,32,33,41,35,42,38,39,37
2,1,5,7,3,10,9,13,19,14,16,11,15,12,28,23,29,30,27,26,22,34,31,32,35,41,38,37,40,36
7,10,4,3,5,1,9,12,17,18,15,16,13,14,29,27,26,22,21,25,23,33,34,31,39,37,40,35,41,42
8,2,4,3,1,6,5,18,14,16,11,17,20,19,25,30,23,29,26,24,28,33,34,32,40,37,38,41,39,42
8,7,9,2,6,5,4,15,20,12,11,13,17,19,24,27,21,29,23,26,22,33,32,31,42,36,40,41,38,39
6,7,10,8,3,9,1,15,19,16,17,13,20,18,24,28,26,23,25,22,21,32,34,31,40,38,41,37,36,39
10,1,8,4,5,6,2,17,12,14,11,18,19,16,21,26,29,24,30,27,28,34,33,31,40,42,41,36,37,39
5,1,6,7,9,4,3,19,16,18,20,14,13,15,26,27,21,22,25,28,30,31,32,34,40,39,42,35,38,41
9,3,1,6,7,10,2,14,19,16,12,20,11,18,28,22,24,26,27,21,29,31,34,33,41,42,37,36,38,35
8,4,9,10,7,6,3,15,12,13,19,20,14,11,30,23,27,26,25,21,24,33,34,32,37,38,40,35,39,36
2,4,5,10,6,9,7,16,18,13,19,11,14,20,21,25,22,28,26,29,23,32,34,31,35,36,40,41,39,37
7,5,6,2,4,9,10,16,19,15,14,20,13,11,30,26,23,25,21,24,29,34,32,31,37,40,42,36,41,35
10,5,6,3,7,8,4,17,14,20,15,13,18,12,25,21,29,27,22,26,24,32,34,31,41,36,39,40,37,38
1,9,7,8,2,3,6,16,13,20,17,15,11,12,21,24,26,29,25,30,22,34,32,33,42,36,35,40,39,38
8,7,6,1,10,9,5,12,11,16,18,13,15,20,25,29,28,27,26,24,23,31,32,33,35,42,40,37,39,38
5,4,2,3,1,9,8,20,12,19,14,13,15,16,29,27,21,25,24,22,28,32,31,34,35,41,42,39,40,38
10,4,1,8,9,3,5,18,15,16,14,19,12,13,25,28,29,26,27,21,23,32,31,33,42,41,35,36,39,38
6,10,7,2,3,4,5,18,12,16,19,14,15,11,28,21,23,24,22,27,30,34,32,31,35,39,37,36,40,42
7,1,9,10,6,3,8,20,16,15,17,11,13,18,30,28,29,26,27,25,24,33,31,32,42,38,37,35,40,39
6,3,4,8,10,7,5,18,12,19,13,11,17,20,22,25,26,28,29,30,24,31,34,33,41,40,39,38,36,35
2,7,4,5,6,10,8,19,17,20,11,12,13,16,28,22,29,21,30,23,25,32,34,31,41,36,37,38,42,39
9,10,5,8,1,6,7,14,18,11,16,12,20,13,28,30,27,21,22,25,24,31,34,32,41,42,37,38,39,40
5,2,3,1,4,7,8,17,15,13,18,16,11,12,29,28,25,24,27,23,26,34,33,31,42,39,37,40,41,36
10,1,9,3,8,2,7,13,20,19,17,16,15,14,21,25,30,24,29,23,26,33,34,31,39,42,40,37,35,41
2,9,5,6,10,8,1,18,12,15,13,11,16,14,23,25,27,24,22,21,28,33,32,31,40,36,35,41,42,39
6,3,8,10,5,9,2,13,19,18,14,17,20,16,30,25,21,22,23,24,28,33,31,34,35,38,41,37,40,42
5,1,4,3,10,8,6,16,18,14,20,15,17,11,22,26,24,23,25,21,30,32,33,31,39,38,40,36,35,41
7,6,10,8,5,9,4,18,15,20,14,16,19,11,25,29,28,21,26,23,22,33,31,32,42,37,39,36,38,40
2,6,5,8,9,4,10,19,16,12,11,14,15,18,21,29,30,26,27,22,24,32,31,33,37,36,39,40,38,42
5,2,3,8,7,9,6,14,20,13,12,16,11,17,25,28,24,23,22,26,30,33,32,34,40,38,42,35,41,37
7,8,2,3,5,6,1,13,19,16,12,14,18,17,30,25,27,22,24,28,23,32,33,31,36,40,39,35,38,41
3,7,6,1,10,2,8,12,18,19,14,15,13,20,24,30,22,21,27,26,25,34,33,31,38,37,35,41,36,42
1,6,10,3,5,7,2,11,17,19,12,14,20,13,23,29,22,21,28,25,26,33,34,31,39,35,41,40,38,37
9,5,8,3,7,4,10,13,16,15,20,12,19,11,21,25,27,24,26,22,28,33,34,32,39,38,41,42,40,37
4,3,2,5,10,8,7,18,11,15,12,19,14,13,30,27,28,29,21,26,23,34,33,31,42,41,39,40,37,35
9,2,7,10,3,4,1,15,14,16,11,12,20,18,25,22,21,24,28,23,30,33,34,32,40,37,35,41,42,39
10,4,8,1,9,3,2,19,15,20,16,18,13,17,23,22,24,26,28,21,27,31,34,32,42,37,38,40,41,39
8,5,3,1,7,2,6,18,17,16,20,13,11,12,25,30,21,26,24,23,22,33,31,32,39,36,40,41,35,38
4,10,8,2,5,1,9,19,11,18,14,13,20,17,29,24,28,27,25,22,30,34,33,31,35,38,37,36,41,42
1,5,6,10,2,3,8,17,12,11,15,19,14,13,28,30,26,24,25,22,23,32,31,33,41,40,42,38,37,36
4,2,5,3,6,1,9,15,18,17,16,14,11,20,23,26,21,28,29,30,27,32,34,33,38,39,40,36,37,42
5,10,2,6,9,7,8,17,11,14,16,15,18,20,24,22,25,29,27,28,30,33,32,31,42,40,41,38,35,37
3,5,9,1,10,4,8,19,16,12,15,11,20,13,23,24,25,29,28,22,21,31,32,33,37,39,41,38,42,40
6,7,9,10,3,1,8,18,15,20,14,17,16,11,29,28,25,27,24,30,22,33,34,31,40,39,37,36,42,38
3,7,10,9,1,5,6,15,17,16,19,14,11,12,26,21,22,28,23,30,24,34,31,33,36,42,37,39,35,40
1,6,3,2,8,5,10,12,20,14,18,15,11,16,30,26,21,22,28,23,25,31,34,32,38,36,41,39,37,35
7,3,10,8,4,5,6,14,15,17,19,12,11,16,24,25,27,28,30,29,26,34,33,32,36,42,35,40,38,41
10,9,7,2,3,5,6,15,17,13,20,18,14,16,23,29,30,26,24,27,21,34,33,32,40,35,36,38,42,37
6,7,8,3,2,4,10,11,19,18,20,12,15,17,21,29,26,23,24,22,25,31,34,32,40,39,35,42,37,41
4,8,9,3,6,2,1,15,14,11,19,18,20,13,30,21,28,24,23,22,26,34,33,31,42,36,41,37,38,40
8,2,7,6,1,3,9,16,15,17,12,20,18,11,22,23,25,21,26,24,30,33,31,34,40,37,39,38,41,35
8,3,1,10,6,2,9,18,16,11,20,15,14,12,23,28,25,29,30,26,27,33,34,31,38,40,36,42,35,39
4,9,3,7,6,5,8,17,13,11,15,14,12,20,30,21,29,28,23,27,24,31,34,32,38,40,42,35,39,37
9,7,1,2,3,10,8,14,12,18,17,20,19,15,30,29,24,27,22,26,25,32,33,31,36,38,39,42,35,40
10,3,2,6,1,5,4,20,17,19,12,18,11,16,25,23,27,22,29,28,30,34,32,33,40,41,35,37,38,36
1,10,9,4,3,6,2,12,16,19,13,18,17,11,25,24,27,22,23,28,30,32,31,33,35,40,37,36,42,41
1,5,10,2,9,3,6,19,16,11,18,20,12,17,25,24,22,29,27,23,28,31,33,34,40,37,41,38,42,35
4,8,7,6,9,1,2,12,14,16,17,19,13,15,22,25,26,27,24,30,21,34,32,33,41,39,37,35,38,36
6,9,7,3,8,10,5,11,13,19,16,20,12,14,30,29,23,25,22,28,21,31,32,33,41,38,40,36,42,37
1,9,7,5,6,10,3,14,11,18,15,19,12,13,25,28,22,30,29,23,27,33,31,32,39,38,36,37,42,41
2,9,7,3,4,5,1,12,20,15,13,14,16,18,28,29,30,25,22,27,24,33,31,32,37,39,36,41,42,38
2,8,9,10,6,1,7,17,11,13,12,19,18,20,21,27,23,24,26,25,29,33,32,31,39,41,36,35,42,37
4,3,7,9,5,10,2,11,18,13,20,19,12,17,30,26,28,22,25,23,29,32,34,33,37,39,35,38,36,40
5,7,1,2,3,4,10,13,12,20,11,14,19,15,29,28,22,21,26,30,27,33,32,34,37,39,36,42,40,35
1,7,10,3,5,4,6,11,12,13,18,20,16,19,23,25,26,30,22,28,27,32,34,31,35,40,42,38,41,39
2,9,8,6,10,5,7,17,12,16,18,13,14,20,30,29,27,25,22,24,23,33,32,31,42,35,38,37,39,41
3,10,5,1,8,6,4,20,18,13,15,11,14,17,26,24,23,28,29,30,21,34,32,31,40,38,39,37,36,35
6,4,3,1,7,9,2,14,11,20,12,16,13,15,23,30,25,24,22,26,27,34,32,31,36,38,42,41,35,37
2,5,7,6,10,8,1,20,18,12,16,19,15,14,24,28,27,22,30,26,21,32,33,31,36,41,40,38,39,37
10,2,8,7,4,5,9,19,11,20,16,12,17,13,30,22,25,24,23,28,27,32,31,33,42,39,37,40,41,36
3,8,5,4,9,10,1,17,15,12,16,14,11,13,29,28,24,21,26,25,23,31,34,32,41,36,37,38,39,40
3,1,8,2,9,6,10,17,19,16,13,15,20,12,22,29,27,28,25,24,30,33,32,31,42,37,41,39,35,40
9,2,5,1,7,6,3,11,20,19,12,13,17,18,25,23,21,27,30,26,24,32,31,33,38,37,41,35,39,36
5,10,8,4,1,3,7,15,17,16,11,20,19,14,29,30,22,28,21,24,25,31,32,33,39,35,37,41,38,36
7,4,5,1,8,9,6,18,16,13,17,14,19,12,27,29,23,21,25,22,26,31,34,33,39,36,38,40,35,42
3,2,10,1,7,4,9,11,20,18,19,14,17,13,26,24,25,27,23,29,22,33,34,31,36,35,39,42,40,38
4,2,1,9,3,8,6,17,11,13,12,19,18,20,29,24,22,28,23,21,26,34,32,31,41,37,40,42,39,36
7,8,4,6,5,2,3,19,16,14,17,18,20,15,24,28,23,21,29,22,25,34,32,31,41,38,42,37,40,36
4,6,10,1,5,8,7,13,18,20,17,12,16,14,29,25,27,24,28,26,22,33,31,34,40,39,38,37,35,36
1,10,2,4,5,3,9,16,15,14,20,19,11,18,27,23,25,21,30,24,26,32,31,34,36,38,42,37,40,39
8,1,4,5,2,9,3,12,18,16,14,13,15,20,25,30,24,27,22,28,21,31,33,34,40,36,35,41,42,39
8,5,1,10,6,2,4,18,19,17,11,20,16,12,25,26,30,28,23,27,22,31,34,32,42,35,36,39,37,41
4,5,2,3,8,9,1,14,15,13,20,17,16,19,30,24,21,22,27,26,28,33,32,34,42,37,39,41,36,38
10,9,4,7,8,3,2,16,20,15,19,12,11,17,30,22,23,25,24,21,26,34,32,31,37,39,40,42,35,41
