9,21,5,11,18,12,16,20,13,2,10,15,4,14,7,53,36,41,30,44,39,55,35,47,43,61,37,24,32,31,58,46,52,25,51,57,28,56,62,29,59,38
16,17,9,20,6,21,2,18,22,13,12,15,3,11,10,34,55,40,39,48,37,35,44,29,46,33,23,50,47,38,24,26,60,30,53,59,61,36,49,43,45,62
10,21,19,12,15,16,8,17,4,11,18,5,2,9,6,43,51,56,49,45,31,61,52,53,48,29,59,25,28,42,44,32,46,41,40,35,58,39,47,26,50,36
19,7,2,3,14,11,8,21,20,16,1,4,12,13,15,48,36,35,54,23,28,60,44,53,31,50,32,40,42,41,46,55,39,51,47,56,45,49,59,38,30,57
14,19,12,21,10,1,4,20,6,3,16,2,7,5,15,33,58,59,44,55,60,39,62,48,29,43,54,49,51,32,45,46,37,34,53,24,26,61,35,23,27,41
13,10,9,14,3,19,5,12,18,21,17,20,1,4,11,40,38,28,49,27,50,59,56,54,24,30,36,31,47,39,60,26,46,25,62,53,55,48,35,32,42,58
8,16,19,2,21,6,14,7,3,9,17,15,22,13,18,45,26,28,44,32,39,52,60,50,55,51,27,42,46,34,35,31,30,37,33,56,48,43,59,47,40,57
16,17,21,10,11,2,4,20,3,5,15,6,12,13,14,35,34,47,37,49,46,32,36,39,50,25,41,53,44,33,30,42,52,54,31,38,43,45,60,23,29,24
5,14,20,16,6,2,17,18,3,10,9,12,1,22,4,47,36,57,38,50,58,49,30,35,40,29,39,52,44,32,24,37,56,26,46,45,54,27,28,51,41,62
18,6,16,15,11,2,10,17,22,7,21,8,13,3,9,52,38,27,42,29,37,34,46,45,43,50,56,31,33,62,58,26,35,28,60,40,30,36,49,39,32,44
6,19,14,5,7,11,4,10,12,18,3,21,2,22,16,24,48,62,35,36,53,34,40,42,50,52,37,27,46,41,32,33,45,59,47,23,38,26,51,31,44,43
11,5,12,4,19,21,2,22,20,1,15,13,3,9,18,23,25,46,54,32,43,44,39,52,27,47,48,30,34,50,38,24,33,53,41,35,51,36,28,62,40,59
13,2,8,15,3,6,12,22,5,21,20,14,4,18,11,50,59,30,47,48,34,61,54,58,37,52,29,51,49,35,39,46,23,33,41,45,57,44,55,38,36,42
19,4,11,5,15,3,14,8,22,16,18,10,21,9,6,25,39,41,40,62,49,29,34,47,45,36,56,61,27,32,24,54,37,26,55,33,23,31,52,50,57,59
4,10,12,5,14,9,19,21,16,22,13,20,1,8,3,28,31,44,51,53,54,35,39,37,25,47,46,57,61,30,55,26,49,34,29,43,58,45,36,59,27,48
21,6,15,20,16,19,4,3,17,12,11,9,14,7,2,24,36,41,45,60,56,51,57,25,27,26,40,44,46,43,29,35,58,50,39,59,34,52,48,37,32,38
1,20,15,7,21,9,3,2,6,22,4,10,8,11,12,44,55,52,31,37,48,26,60,43,57,42,50,30,33,27,29,32,59,23,46,51,38,28,58,39,25,47
12,9,6,3,10,21,16,11,20,22,1,8,14,4,17,44,47,29,35,54,38,24,61,62,50,39,45,57,27,26,23,30,33,32,41,52,31,46,56,34,25,51
12,7,8,1,2,15,13,16,18,20,9,21,6,3,11,35,41,58,33,59,62,47,56,45,29,48,42,54,37,49,23,34,26,52,32,46,57,31,25,38,43,36
7,3,14,12,17,19,6,18,16,20,2,15,11,8,9,60,32,58,45,26,36,33,35,59,50,27,41,48,46,51,53,52,29,40,24,47,54,44,30,57,34,23
21,5,22,11,16,7,18,6,1,17,8,4,3,10,19,30,40,34,28,61,31,42,45,51,58,48,25,23,29,35,41,50,56,55,46,54,60,49,52,47,43,27
16,22,7,13,8,4,12,20,19,1,15,17,9,3,21,57,54,51,36,27,44,46,49,62,53,56,25,29,40,38,28,45,60,26,30,35,39,32,37,55,42,23
9,1,3,16,19,22,12,20,8,10,18,4,7,15,21,62,28,25,32,61,34,47,31,59,27,51,52,50,30,26,58,42,56,24,35,43,44,38,36,29,55,53
20,11,5,15,17,16,18,6,10,22,14,7,4,13,21,50,25,23,57,39,52,58,26,44,35,49,38,29,47,31,56,61,60,34,48,42,37,28,30,36,41,54
9,10,4,14,21,6,7,20,3,1,18,22,19,2,16,42,59,53,33,52,39,51,49,50,61,34,25,46,24,47,45,57,37,54,32,40,38,62,43,55,28,35
3,8,21,15,1,11,13,16,19,18,14,5,7,2,22,59,31,54,42,55,47,38,49,34,44,35,36,61,37,62,27,58,24,25,46,29,43,40,50,45,56,30
14,18,1,2,22,6,5,20,16,21,13,7,12,9,19,55,45,48,39,29,35,23,57,46,26,49,37,50,61,28,36,40,54,53,33,58,25,30,60,59,34,43
19,8,21,7,17,13,5,2,20,12,14,3,16,9,1,56,39,38,59,48,33,44,42,60,29,40,31,27,25,55,45,50,24,36,57,52,28,43,26,49,23,54
4,3,10,19,11,17,21,9,12,20,5,6,15,14,1,28,62,25,40,50,34,24,53,56,49,30,58,51,29,57,23,32,54,44,27,38,48,55,33,36,37,45
11,10,13,9,15,22,18,3,6,19,12,20,17,2,8,35,41,27,28,56,32,26,59,45,40,34,46,43,48,61,37,60,54,36,57,58,31,33,53,24,23,51
17,16,15,19,22,13,4,5,18,1,9,14,2,20,10,36,28,56,44,39,50,61,31,30,54,43,27,40,47,41,53,33,29,35,60,49,58,46,32,38,34,42
6,3,8,14,12,2,21,16,15,11,22,17,10,20,13,58,44,27,57,61,60,46,26,25,33,54,23,32,59,40,24,45,53,51,31,38,30,62,41,55,28,39
14,22,20,13,8,5,11,4,12,16,7,19,15,1,21,42,60,25,52,27,35,48,31,30,58,57,37,23,47,38,50,54,62,28,24,36,40,32,29,41,33,44
9,6,2,13,8,12,14,16,11,5,7,3,10,1,22,41,34,33,55,44,39,25,43,23,57,35,56,59,47,30,60,26,32,40,27,29,49,48,38,36,45,54
15,13,3,19,9,4,18,22,16,8,21,12,5,7,11,53,50,40,42,28,62,54,58,24,39,44,36,23,43,59,38,41,34,30,57,37,51,55,48,47,27,49
15,18,4,9,2,16,21,12,7,14,1,22,5,10,6,49,51,50,46,44,32,35,37,58,27,60,41,29,54,56,43,45,25,53,31,40,26,38,62,23,30,24
16,1,11,19,13,22,12,5,4,14,8,15,7,6,21,47,41,62,28,55,26,51,56,52,36,48,34,27,46,24,23,57,49,61,43,37,33,30,32,25,53,60
13,2,10,15,19,22,17,20,18,6,16,11,7,5,12,24,36,41,52,25,45,40,29,48,59,30,53,54,61,57,38,49,39,32,60,58,27,34,56,51,55,42
14,3,17,2,7,16,20,5,9,1,12,6,11,18,4,37,36,53,43,42,35,34,40,54,27,24,41,25,57,31,62,49,32,30,44,58,56,46,51,29,52,23
14,5,19,3,8,1,13,10,12,16,9,20,11,18,17,52,26,61,39,35,24,33,49,41,50,42,60,32,23,46,55,44,34,43,56,59,36,40,31,29,25,37
3,9,10,18,13,22,11,21,14,15,12,8,5,4,2,23,37,33,51,52,56,35,34,36,45,46,26,49,47,42,28,57,50,59,53,24,25,55,41,54,31,30
5,16,6,12,21,1,7,18,19,20,15,17,11,3,10,37,48,47,52,31,24,30,29,54,39,23,53,36,41,40,49,57,62,43,61,60,55,33,51,34,58,25
20,22,7,16,9,6,13,18,3,11,17,21,4,12,10,45,41,42,26,24,23,38,60,51,37,56,32,47,36,44,27,35,30,55,43,33,25,57,59,29,48,28
10,22,5,13,17,18,15,4,20,8,12,3,7,1,14,37,33,48,36,61,38,41,50,42,56,35,57,44,23,28,59,49,27,55,60,47,52,34,29,32,51,54
15,21,11,3,16,10,9,13,6,20,4,8,18,22,14,43,36,25,24,33,56,44,48,32,52,53,45,55,49,60,59,39,42,34,47,38,23,51,57,28,61,26
4,15,6,19,10,14,11,12,18,1,17,7,21,22,16,54,28,55,42,53,35,27,43,48,41,57,32,39,61,44,24,23,33,36,47,56,37,50,26,38,58,30
11,3,21,17,9,8,14,4,5,10,13,19,7,22,20,37,38,57,44,39,28,54,23,47,46,55,42,48,29,59,58,52,43,27,26,50,62,51,30,40,33,36
8,4,7,20,1,16,21,14,6,22,2,5,3,19,18,61,29,62,54,23,51,48,44,59,33,35,40,26,42,53,57,47,58,38,28,36,30,25,43,34,32,27
14,8,21,18,6,9,2,19,5,22,4,13,17,20,16,61,39,32,31,24,53,43,37,30,47,60,33,25,44,59,62,26,38,34,41,58,35,23,48,51,57,50
13,20,15,18,9,6,22,17,21,3,10,4,12,8,16,61,40,37,54,30,50,41,58,33,38,28,35,24,47,46,26,27,43,51,25,60,36,42,39,44,53,45
6,5,4,17,14,22,15,7,10,11,21,16,3,18,1,53,42,60,50,46,43,37,48,31,54,24,55,61,38,26,45,59,44,23,32,28,40,57,62,39,51,36
13,7,10,17,22,19,14,8,9,2,18,1,16,11,6,40,53,35,30,32,45,62,51,25,57,60,28,46,36,39,29,33,52,47,54,37,55,34,56,38,26,27
12,9,11,5,2,6,19,3,4,17,16,10,22,8,13,55,47,50,33,37,25,60,49,54,36,28,59,53,61,40,24,35,45,39,27,31,34,46,44,48,32,52
22,12,2,18,14,4,9,21,7,1,15,5,11,19,10,37,50,42,44,38,46,35,47,48,30,40,49,28,27,31,36,24,61,26,43,52,57,25,59,34,23,56
4,13,17,5,11,22,14,18,1,2,21,16,10,20,12,23,28,62,58,36,31,34,38,25,40,54,57,26,24,42,51,56,49,50,41,43,39,60,33,52,27,48
8,12,3,1,9,19,11,17,10,14,20,15,13,22,18,30,62,61,49,39,42,34,59,28,29,25,46,54,44,41,23,37,60,52,36,50,53,48,47,56,26,38
9,5,1,11,7,22,3,15,4,14,18,19,20,21,16,62,23,25,44,37,61,51,40,31,53,48,28,27,42,52,57,43,35,60,49,56,45,59,58,38,50,30
7,17,16,15,18,12,4,20,6,11,8,13,9,1,22,42,33,52,51,50,30,31,25,39,23,55,34,44,57,58,53,60,54,48,27,43,46,41,45,37,32,24
13,14,22,1,2,4,16,9,5,7,15,11,3,8,20,36,32,50,23,42,51,54,47,57,30,59,39,61,25,26,46,53,44,52,35,48,41,34,38,55,43,62
15,14,10,22,9,20,18,2,13,7,11,4,19,5,1,53,49,37,34,27,44,57,31,38,58,46,59,51,36,43,47,40,24,23,33,41,55,28,56,48,62,45
15,21,14,6,1,18,2,4,19,11,17,22,10,13,5,62,56,43,34,58,47,59,51,25,24,23,61,27,30,52,33,37,38,55,28,39,40,60,35,41,48,46
1,18,14,10,12,19,21,22,4,15,17,8,13,7,20,49,28,34,57,60,42,54,52,58,33,32,37,44,53,45,48,55,25,40,43,61,51,38,62,24,30,35
19,9,15,11,16,14,3,4,10,8,13,18,17,6,2,60,52,33,23,26,45,37,31,56,58,48,46,36,34,38,29,49,32,50,44,57,40,25,47,54,55,62
17,10,9,11,2,7,4,8,22,14,21,18,1,3,5,32,53,51,58,44,41,23,33,27,59,56,25,60,40,57,61,45,36,50,26,28,37,42,46,55,31,49
4,15,18,6,1,14,19,22,7,8,5,10,2,12,20,52,49,46,34,33,59,39,53,43,23,41,62,61,60,35,32,30,40,58,44,26,51,31,25,48,42,24
18,13,3,11,15,7,14,9,16,21,2,4,1,5,17,43,54,41,26,37,46,45,30,52,27,28,55,29,47,38,56,62,49,25,32,31,34,59,24,60,57,53
6,7,3,11,15,17,1,2,16,8,12,5,22,20,19,62,58,28,51,32,53,43,37,23,25,47,46,27,40,61,41,60,57,36,49,35,42,39,50,56,59,44
7,8,14,1,4,5,16,13,3,9,17,18,19,22,12,51,55,49,42,45,26,48,25,23,31,53,54,32,37,41,24,50,52,40,43,59,57,28,33,56,44,38
16,9,5,20,1,15,12,11,14,7,19,22,4,6,2,57,35,36,48,28,62,26,44,43,45,32,42,58,25,40,31,27,49,61,39,34,29,54,50,53,46,51
10,12,18,22,13,7,2,3,16,17,11,14,9,21,15,24,29,56,26,58,35,31,55,54,42,53,62,44,61,48,38,37,40,33,25,34,50,36,27,32,41,39
12,7,4,5,18,6,16,22,17,21,11,19,9,14,13,45,60,61,34,38,28,42,40,48,26,35,36,39,24,30,37,49,27,56,58,31,50,62,53,55,52,23
17,21,13,5,18,11,2,22,14,9,19,6,7,10,4,27,28,59,44,49,62,57,61,26,55,31,36,47,46,34,48,60,42,39,58,30,56,41,51,53,25,33
9,15,16,22,21,3,4,17,14,5,18,10,13,2,1,35,25,23,40,41,62,43,28,44,31,36,24,29,52,51,61,54,39,59,26,38,30,60,56,46,37,50
17,15,19,21,1,6,11,3,10,5,4,20,7,18,12,50,30,52,42,61,31,48,47,33,34,32,39,60,37,59,38,54,27,28,25,62,44,45,24,23,26,58
10,12,21,2,5,14,20,18,8,16,13,3,4,1,11,35,28,26,58,42,43,40,32,36,37,59,47,53,30,46,55,51,57,31,38,24,50,56,23,41,29,39
10,22,11,6,7,1,17,2,3,8,16,19,13,12,4,61,57,58,39,56,51,42,41,23,53,46,35,49,26,34,38,44,32,50,31,28,52,29,47,62,36,43
3,6,22,11,18,4,16,9,10,21,15,7,1,8,20,27,52,59,25,31,60,55,61,62,38,56,47,46,48,49,35,53,36,33,23,29,42,44,45,39,30,24
13,12,1,4,3,11,15,22,21,9,8,17,6,16,18,57,31,32,33,38,39,49,50,40,23,47,36,55,35,51,43,58,52,27,46,62,42,59,60,53,37,26
6,18,14,22,7,1,11,16,20,17,5,9,2,10,8,42,49,32,46,31,45,29,48,51,33,37,27,50,35,26,38,40,61,23,36,24,56,55,30,47,62,25
2,8,9,21,22,20,3,1,17,7,4,6,5,15,16,36,62,53,26,25,41,47,57,31,49,52,50,34,27,56,30,45,29,42,59,35,46,51,58,40,28,37
7,12,9,11,14,2,13,18,16,3,20,22,15,19,10,58,24,39,27,38,55,56,44,30,45,32,49,40,28,54,25,51,57,23,62,35,34,29,50,47,37,61
11,12,15,21,10,3,7,9,14,13,18,6,8,16,20,25,47,62,57,59,40,53,36,45,24,44,27,60,35,31,42,38,33,49,43,23,37,41,48,34,50,26
3,2,7,4,9,22,13,16,15,5,21,1,14,18,8,23,45,47,29,32,55,39,37,51,60,33,38,41,34,50,44,28,62,57,26,42,24,61,27,53,49,48
18,16,3,10,22,2,11,14,8,7,17,13,4,19,15,48,29,38,47,41,62,43,51,49,42,40,30,32,27,33,61,31,26,57,39,52,35,23,37,34,54,25
10,21,15,2,11,13,7,19,5,22,8,1,17,4,14,54,23,37,28,45,38,33,49,25,55,46,39,40,58,34,51,41,31,59,27,24,42,48,60,52,35,26
3,20,13,21,22,16,1,6,11,17,10,2,19,14,12,57,33,23,26,52,34,45,60,58,53,37,36,48,28,46,31,38,50,39,44,55,54,56,41,40,32,62
21,1,12,2,15,10,5,17,18,13,20,3,14,22,16,28,23,33,32,62,41,49,46,30,44,38,54,48,53,36,42,34,55,60,61,59,52,27,39,58,31,57
11,6,20,8,4,21,5,10,9,3,13,16,12,7,1,58,26,59,38,29,33,48,54,62,47,23,28,56,46,45,41,35,50,44,55,60,57,43,42,24,52,51
11,4,8,21,12,7,5,10,22,18,17,13,3,20,14,62,25,29,28,53,51,45,56,47,36,46,44,35,34,52,59,58,48,57,50,37,60,38,55,31,41,30
18,12,6,10,13,16,15,20,8,7,14,21,1,2,3,44,40,26,57,42,38,56,54,29,25,41,46,31,47,30,55,27,39,32,53,60,45,34,24,51,59,23
9,15,6,7,3,4,17,21,22,13,10,1,18,19,5,62,33,60,59,44,43,30,26,47,48,52,57,23,56,37,29,41,50,38,54,27,35,51,53,36,46,28
6,18,22,2,19,15,9,8,1,13,5,11,21,4,14,46,59,40,30,33,26,36,25,58,35,54,24,43,41,37,47,56,31,29,42,23,51,62,61,49,39,34
8,20,7,4,15,10,6,13,16,2,5,11,18,12,9,25,27,38,41,45,44,42,49,59,51,57,35,23,62,36,33,52,55,29,47,53,50,61,58,56,39,34
6,8,20,1,14,5,2,11,4,17,18,10,19,16,3,46,61,53,35,28,39,23,38,27,62,45,24,41,50,60,30,59,32,51,54,44,37,29,56,36,48,58
12,8,17,13,20,1,21,22,19,18,11,15,16,10,14,27,56,24,55,57,54,49,34,30,46,31,29,58,40,61,32,38,52,53,62,43,44,39,23,59,51,33
22,3,1,20,10,4,8,11,19,7,21,15,12,6,14,49,37,55,33,53,57,31,44,36,32,61,23,24,56,38,62,50,41,42,54,26,34,51,48,28,30,25
6,18,4,2,3,17,1,8,9,13,10,12,5,11,22,48,60,27,40,39,28,56,59,43,30,24,46,31,53,50,42,37,47,57,45,23,54,62,61,52,51,26
11,3,18,6,2,1,19,15,9,4,21,8,22,14,5,58,62,39,37,43,61,56,25,38,29,48,51,45,30,52,44,40,60,49,57,24,31,54,23,35,53,36
13,12,5,19,10,22,17,4,18,11,1,14,8,16,2,38,62,37,57,23,28,34,43,39,47,45,58,49,59,51,29,50,41,31,60,54,32,61,25,30,35,44
6,14,15,8,7,10,2,9,22,12,19,13,5,4,18,36,26,39,52,46,27,54,60,53,25,50,61,48,49,29,37,56,51,59,33,45,43,55,30,24,35,42
