22,3,38,8,10,40,23,7,29,4,42,9,28,20,41,1,33,34,14,2,35,11,17,5,27,39,37,6,49,47,51,46,43,45,55,62,56,54,60,53,57,61
3,1,14,20,35,39,19,40,26,24,13,22,6,16,8,32,7,2,37,15,27,33,25,5,29,36,31,38,44,50,47,45,49,48,54,56,55,52,57,53,60,61
10,41,17,22,23,15,16,1,2,9,3,12,37,14,35,29,13,20,32,5,27,34,24,7,4,19,30,25,43,50,46,44,49,47,56,61,58,55,62,52,54,59
24,30,42,29,16,37,6,32,31,2,11,36,22,8,5,4,38,19,23,33,12,40,1,28,18,7,15,35,43,47,51,44,48,50,62,61,55,56,54,60,52,59
29,7,20,21,41,9,39,30,2,25,22,36,38,13,14,23,18,12,15,33,24,17,16,31,26,32,37,19,51,48,44,47,46,45,54,58,57,56,60,62,53,61
12,31,1,22,10,6,15,33,23,25,30,40,3,13,34,18,35,26,8,20,37,5,42,32,2,7,29,21,49,47,51,43,48,45,57,52,62,60,56,53,54,58
14,37,39,21,18,22,8,16,11,19,38,24,31,9,12,7,42,26,13,10,3,33,29,30,28,4,17,20,45,49,46,48,43,47,59,56,60,55,58,62,53,57
22,17,4,5,14,35,20,8,13,39,2,11,34,15,41,21,29,3,42,26,25,9,19,24,31,10,32,1,46,43,45,44,48,50,55,59,60,61,57,53,62,58
8,12,6,4,5,20,22,27,42,41,18,32,21,40,19,7,17,38,13,28,16,15,25,23,37,30,11,10,44,46,49,51,47,43,54,59,61,62,56,55,58,60
7,36,8,42,19,5,41,26,2,10,11,9,27,20,24,6,34,32,28,21,18,12,14,13,25,29,31,3,48,51,43,46,47,49,57,58,62,60,53,52,59,56
7,33,17,21,23,36,22,28,4,38,37,12,42,39,15,5,32,10,6,29,30,16,18,13,34,24,27,35,49,48,46,50,47,43,58,62,53,56,55,60,59,57
2,40,18,31,17,8,9,13,36,37,29,14,39,26,42,30,6,3,24,4,5,16,23,27,25,21,22,34,45,44,47,51,46,49,61,60,57,52,62,53,55,54
1,41,18,40,39,32,34,38,7,42,16,20,5,23,4,29,30,27,2,25,8,11,6,3,10,26,9,14,50,46,47,48,51,43,59,62,58,53,56,57,54,61
39,32,23,16,14,8,4,36,18,25,33,38,3,34,30,7,20,10,42,29,21,6,26,22,13,5,11,37,47,44,50,48,43,46,58,57,54,61,53,52,60,55
1,15,19,12,3,35,24,30,32,26,9,8,7,40,13,22,20,28,16,37,18,31,5,25,39,29,4,33,50,51,44,46,48,47,55,61,53,60,58,56,52,59
10,28,39,36,20,14,35,29,22,2,27,31,23,37,5,4,15,13,34,40,42,17,11,21,3,7,9,18,47,45,50,51,48,43,52,56,61,60,53,59,57,55
32,16,28,7,8,35,9,34,41,25,40,6,21,24,10,39,27,5,19,42,17,2,31,33,23,13,3,12,48,47,49,43,45,46,53,60,55,54,62,52,59,56
16,4,20,6,34,41,32,13,22,2,25,17,23,24,11,10,9,39,19,18,27,30,36,38,7,33,29,5,46,47,50,43,51,45,62,57,52,59,61,58,55,54
25,19,5,30,37,39,29,8,35,15,17,31,36,14,6,13,10,42,28,22,34,4,11,3,38,7,16,33,50,44,49,48,51,45,54,62,52,55,58,61,59,53
42,10,35,26,24,3,15,25,19,5,23,6,39,9,14,22,1,36,38,8,21,34,18,29,4,41,7,40,45,43,49,44,46,48,52,55,53,59,61,58,57,56
15,9,5,30,3,12,8,39,11,34,13,17,42,24,35,41,7,14,4,23,38,25,1,18,19,37,28,29,46,44,45,51,47,48,56,57,61,60,62,59,58,53
23,10,32,36,30,42,9,3,11,8,24,37,15,17,1,14,40,41,7,2,29,27,20,31,6,12,13,5,51,45,44,49,50,48,52,55,54,58,53,59,56,60
25,17,34,41,3,42,39,1,11,30,38,19,15,4,5,35,32,24,40,14,12,10,16,26,6,31,37,23,50,43,47,45,48,44,52,53,58,62,56,60,54,61
22,11,12,20,31,21,39,33,16,40,32,2,41,25,37,23,9,35,30,17,15,14,4,28,13,38,1,5,48,43,44,45,51,50,55,54,61,58,57,62,53,52
11,3,37,33,25,22,36,39,17,24,6,20,15,26,40,10,23,27,9,14,32,35,4,31,13,42,21,7,51,50,46,44,45,47,54,60,56,55,59,61,58,62
6,19,1,10,25,32,3,24,2,14,26,41,29,13,30,7,16,18,42,33,37,21,20,22,5,4,11,36,45,44,43,49,46,51,53,62,57,61,60,54,55,56
13,18,25,37,3,32,30,42,41,36,11,29,39,10,5,35,17,21,31,23,34,16,40,2,12,22,7,38,45,50,48,47,44,43,62,53,56,55,59,61,54,57
24,27,41,20,10,37,38,28,15,16,19,26,17,40,13,1,29,7,22,2,42,6,35,34,31,11,21,12,45,51,44,46,48,47,55,62,58,52,53,56,61,57
38,14,12,5,4,10,21,29,2,13,34,26,30,15,8,20,22,41,27,32,31,39,6,7,19,35,33,23,48,47,46,51,43,49,60,55,52,61,62,58,53,59
26,34,22,7,16,6,4,39,33,35,18,25,32,14,9,8,23,37,40,15,20,2,38,27,41,10,28,12,43,51,47,44,49,46,59,57,54,60,58,55,61,53
18,16,3,35,29,24,32,28,36,10,40,21,13,19,27,15,38,26,22,37,9,11,25,8,6,31,39,34,51,43,50,44,46,47,59,52,53,60,62,56,61,55
2,36,22,34,26,30,11,29,19,40,12,24,33,20,16,10,28,39,14,15,35,32,25,21,3,1,42,7,46,49,45,44,47,50,58,55,56,60,61,62,54,53
5,29,1,39,30,42,6,4,12,19,36,34,38,10,24,33,41,20,27,23,7,32,35,40,37,17,18,31,45,44,48,46,47,51,60,54,62,57,53,56,52,58
2,11,37,32,18,20,40,38,26,41,12,33,21,10,5,30,6,14,17,29,15,23,19,25,16,4,31,13,46,48,51,50,45,44,52,59,57,60,56,62,58,61
13,41,24,33,2,31,14,15,8,22,29,37,39,30,32,16,35,25,5,23,4,9,19,11,34,10,17,36,49,50,43,48,44,46,52,56,59,53,58,61,54,62
42,28,18,16,7,5,15,23,21,20,33,3,6,8,4,22,9,1,41,10,35,32,37,13,19,2,26,11,46,50,47,44,49,45,58,62,54,60,53,56,59,57
25,22,38,15,23,42,1,39,3,24,7,33,31,9,11,19,35,13,32,14,41,36,12,26,4,40,34,6,43,47,45,50,46,51,56,54,61,53,59,57,60,62
41,22,11,8,34,5,31,15,23,27,17,14,32,10,40,16,25,9,13,21,6,33,35,26,30,7,28,39,45,43,46,48,49,44,60,58,56,53,57,54,55,61
8,14,6,13,1,36,4,38,11,37,25,9,35,23,19,20,42,29,27,10,16,30,3,31,39,5,33,32,44,45,48,47,43,51,59,61,58,60,52,53,55,54
35,7,38,15,19,29,10,40,16,2,9,20,28,23,39,18,41,6,17,32,24,22,31,12,21,36,25,27,49,46,48,43,51,47,53,52,59,61,55,54,58,60
9,16,12,36,17,34,7,21,20,32,31,11,3,35,10,8,39,19,42,1,15,26,38,23,37,25,6,22,48,51,45,50,49,46,54,56,57,59,55,58,60,52
18,17,12,29,1,8,40,15,31,16,3,35,7,2,11,39,26,22,13,42,27,25,10,38,34,24,6,9,45,49,47,43,48,51,52,55,59,53,62,61,54,60
36,29,8,42,33,28,41,30,4,21,9,18,10,37,38,3,6,14,7,16,32,39,22,35,25,17,12,20,43,49,44,50,47,45,55,53,59,60,54,52,56,57
38,35,33,11,12,31,17,2,9,30,14,10,36,15,8,41,5,20,39,4,34,26,18,22,42,1,3,32,43,49,51,48,46,44,61,55,52,62,58,54,59,56
11,33,42,22,21,31,20,16,14,17,28,7,30,12,41,4,39,23,3,32,2,6,27,40,35,1,18,9,51,44,50,48,47,43,60,61,54,55,57,56,62,59
1,2,10,30,17,5,3,21,24,25,19,40,15,22,38,29,34,6,11,13,33,42,26,18,39,16,28,23,48,44,49,50,51,47,52,61,54,59,60,62,56,53
9,17,32,10,42,39,14,19,33,8,11,34,1,37,30,20,28,2,15,4,41,36,31,35,22,5,13,12,51,44,47,46,45,43,59,54,62,52,56,53,55,60
15,17,32,24,26,6,5,13,35,7,1,28,19,8,4,22,12,38,40,41,10,14,39,16,21,36,37,3,50,49,51,43,47,46,55,52,58,57,62,59,61,54
12,28,3,36,26,27,32,42,37,20,15,14,1,8,33,13,38,10,35,39,23,6,5,16,34,24,7,21,45,50,43,48,51,49,59,61,60,54,56,53,52,62
18,1,37,28,20,14,12,42,7,29,27,41,32,16,6,24,8,23,21,4,36,35,33,30,26,11,13,39,49,45,51,43,50,44,55,53,59,57,52,62,56,61
19,11,8,5,24,12,41,40,2,6,38,17,20,1,23,26,35,37,25,21,3,15,14,10,13,31,29,34,49,46,48,47,43,50,57,54,62,56,55,61,60,58
23,25,37,27,17,26,29,14,42,39,5,36,28,13,22,41,15,3,7,6,35,33,16,34,1,18,4,20,47,50,46,49,45,44,52,61,59,55,60,62,58,53
19,21,11,5,10,7,9,27,22,18,13,42,30,34,12,35,32,24,25,6,16,14,29,3,40,41,36,39,44,46,49,43,45,50,56,53,52,58,55,61,60,59
16,34,26,20,10,29,38,22,30,25,24,36,6,35,2,9,4,13,8,17,33,19,18,31,39,40,27,15,44,43,47,49,51,45,52,62,61,57,53,56,58,59
1,28,38,41,42,34,18,12,17,9,25,32,5,16,20,6,22,19,35,29,31,33,8,11,3,21,30,40,49,43,47,44,50,51,56,52,62,53,58,59,61,54
12,34,11,36,19,13,37,6,17,2,28,15,35,41,14,33,1,24,9,8,39,27,29,5,7,18,21,31,46,43,51,49,47,50,54,58,52,61,59,55,53,62
14,42,15,18,38,2,13,6,10,24,3,31,12,41,1,34,5,25,32,35,4,9,40,29,33,22,30,28,49,44,50,51,46,45,56,60,54,58,57,53,61,62
30,11,8,14,18,6,12,3,38,19,9,24,33,10,5,32,39,7,1,31,28,34,29,21,20,2,4,23,45,44,46,47,43,49,61,55,60,62,58,52,59,53
22,39,9,21,2,1,25,33,6,17,12,27,8,13,19,4,7,31,10,37,3,16,15,20,36,23,34,18,46,47,48,49,50,51,55,60,58,61,62,53,56,54
2,36,40,4,13,9,19,41,14,32,33,11,25,23,26,21,6,12,35,28,37,1,29,3,38,31,27,18,43,48,50,45,51,49,60,55,61,62,58,57,53,56
20,17,21,39,18,28,7,6,25,8,23,30,27,19,11,13,41,3,12,10,31,29,42,36,15,2,37,16,43,47,44,46,50,49,60,54,53,57,61,56,58,55
28,8,13,27,12,15,35,34,11,40,10,30,41,16,17,19,1,36,29,7,2,42,4,6,26,31,5,22,45,49,44,43,46,51,53,61,58,59,62,52,54,60
20,38,28,12,40,5,31,39,36,27,13,32,3,42,11,24,18,16,35,29,34,4,14,33,6,10,9,23,43,51,47,48,46,50,52,60,62,59,56,57,53,55
19,3,35,18,32,9,40,11,31,15,29,20,4,6,38,14,16,23,21,12,33,22,39,42,10,8,5,34,43,48,49,47,51,50,53,56,54,62,57,59,58,60
5,23,31,40,39,1,25,14,6,29,9,17,13,16,27,18,21,41,34,32,35,33,11,7,10,12,8,30,45,44,47,51,48,50,59,58,53,62,61,60,56,54
42,8,4,11,39,3,18,27,32,34,23,14,31,2,37,20,25,26,36,9,10,38,15,28,35,7,24,17,47,45,44,49,51,46,53,61,52,54,56,62,55,60
22,12,32,29,16,3,4,40,36,11,7,42,6,1,25,23,21,15,28,35,17,18,38,24,10,19,2,5,48,47,45,46,44,49,60,62,54,58,57,52,53,61
32,18,36,4,15,39,7,33,24,31,22,29,35,2,40,5,3,21,27,42,8,10,37,6,30,12,13,20,45,48,46,44,51,49,52,62,53,57,56,58,59,54
38,3,26,34,24,6,23,35,41,20,36,4,39,1,13,8,15,21,25,19,31,5,9,14,27,29,28,42,48,51,43,50,49,44,60,62,54,52,59,61,58,57
18,30,31,20,23,37,5,26,13,15,12,38,11,36,6,29,25,19,4,35,42,22,14,27,17,3,21,28,46,51,47,44,45,48,53,58,57,55,61,54,60,52
10,36,3,24,21,39,12,38,6,19,33,37,20,30,16,28,2,25,11,35,15,14,5,8,22,13,40,7,51,45,49,47,44,46,58,52,57,60,55,59,61,53
38,31,3,35,2,14,4,36,41,15,23,42,5,11,37,22,12,32,40,9,29,20,30,39,6,17,16,21,49,46,51,48,43,44,62,55,61,54,59,52,53,58
10,24,2,36,13,37,38,14,12,1,3,28,16,39,42,22,8,9,32,33,21,40,7,23,20,26,30,6,44,48,46,45,47,51,61,62,56,53,54,60,52,55
7,8,19,30,25,5,39,38,31,21,2,32,20,9,37,16,18,42,6,22,10,41,33,26,35,14,24,40,45,50,51,44,47,46,55,57,62,56,53,54,61,52
18,35,2,32,15,28,5,27,12,22,19,3,7,37,1,34,10,33,30,6,16,4,26,31,11,9,41,39,45,49,44,46,43,51,59,53,61,56,57,55,54,58
4,27,31,28,37,10,25,23,35,3,13,22,21,20,6,15,9,16,40,14,26,18,29,38,36,19,17,11,46,51,44,50,49,45,58,57,56,55,59,62,52,60
37,7,9,16,33,32,28,2,4,42,34,6,13,35,14,8,41,29,25,10,26,20,5,18,15,11,19,36,44,46,49,50,48,45,56,59,53,54,60,58,57,55
38,27,41,22,26,23,19,35,4,29,28,1,34,5,2,21,24,9,16,10,37,42,20,8,11,6,36,30,45,47,50,49,46,48,56,53,59,61,60,54,58,57
19,35,37,9,4,24,17,36,23,30,27,3,29,39,6,5,11,42,1,15,18,26,33,13,21,38,7,16,47,51,50,45,44,48,60,59,58,55,54,57,53,52
1,7,20,31,41,29,25,22,36,38,37,33,23,19,40,3,9,17,2,14,10,42,16,12,11,6,35,27,43,45,47,51,46,44,56,57,60,52,62,55,58,54
32,30,11,31,36,23,22,2,39,8,19,14,6,26,25,10,12,7,15,41,35,24,13,16,20,1,18,4,45,46,43,47,50,48,59,62,55,53,54,60,58,57
11,6,13,29,30,5,17,20,8,25,9,40,37,35,41,4,12,2,42,39,15,19,14,22,33,26,10,3,47,50,46,51,44,49,53,60,56,52,55,61,62,54
4,34,14,22,42,13,25,15,40,36,3,27,18,30,32,37,38,41,24,16,23,26,35,10,17,9,39,33,50,44,43,45,48,49,53,58,52,62,60,57,56,55
40,23,2,11,15,1,39,42,17,7,34,28,3,10,12,4,31,21,8,20,6,18,5,36,33,32,35,9,43,45,47,51,49,50,55,54,60,58,57,52,56,62
9,41,10,25,17,32,18,37,8,40,23,3,1,28,26,12,24,30,5,36,34,33,31,13,2,29,4,20,44,50,43,48,49,51,59,53,61,54,57,55,52,56
30,31,8,25,39,9,10,17,13,15,2,28,37,12,20,4,29,7,34,16,14,24,3,40,21,41,6,19,45,49,48,50,43,44,54,56,58,59,57,60,61,62
20,30,35,11,36,3,31,5,28,1,37,21,25,38,7,27,42,19,6,10,22,41,18,16,17,14,4,29,47,44,50,46,45,43,59,60,53,54,61,52,56,57
31,26,13,20,37,24,25,27,22,9,8,10,33,3,17,21,15,16,11,41,1,38,34,40,6,14,35,7,49,45,43,48,46,51,56,53,58,62,57,59,54,60
39,30,3,5,6,18,28,20,35,16,42,41,27,12,29,26,4,31,37,8,40,33,11,1,23,13,15,32,44,48,46,43,51,50,55,61,53,59,58,57,62,54
32,11,5,39,29,33,24,10,16,14,20,35,30,25,31,4,18,38,7,17,27,8,19,26,28,34,21,13,51,45,49,46,44,47,60,62,52,54,57,58,53,55
2,35,13,7,16,18,23,30,12,10,41,14,38,11,24,26,40,42,8,39,6,33,1,21,15,19,32,29,45,46,50,47,44,51,59,55,54,57,62,60,61,53
42,2,8,40,15,29,26,12,13,36,10,31,39,27,3,14,37,25,30,11,24,18,41,16,17,32,6,20,44,43,50,51,48,45,58,53,60,57,61,54,56,52
8,19,27,36,18,9,23,7,21,42,25,3,34,5,14,32,37,24,11,29,26,2,33,40,17,12,38,6,49,51,44,43,45,46,53,52,57,54,61,56,58,59
41,8,33,15,36,13,29,9,4,1,39,38,5,27,28,40,3,7,11,35,32,10,37,22,31,16,25,26,46,51,47,50,45,49,55,60,52,59,53,61,62,57
39,41,8,32,20,38,37,13,34,10,3,26,29,6,12,9,24,15,42,40,33,18,35,36,21,11,2,7,51,47,45,46,43,49,57,53,52,62,58,54,56,59
20,32,39,25,9,29,34,13,21,11,30,37,17,36,12,5,14,40,33,28,6,41,26,8,10,2,31,3,47,46,44,49,48,43,53,57,52,60,58,56,62,61
38,6,21,9,1,28,37,8,33,36,17,26,10,12,27,30,11,19,20,14,18,7,35,3,5,25,16,40,48,47,44,43,45,50,54,62,52,61,59,55,57,56
38,32,28,6,26,25,42,12,8,14,16,33,18,31,11,39,3,7,10,15,30,1,37,4,29,17,27,21,51,50,45,44,48,43,56,55,53,58,59,62,57,60
42,23,5,3,25,9,18,8,4,40,20,28,2,1,33,35,34,21,6,31,11,27,17,7,12,14,32,15,51,45,46,43,49,50,61,52,53,55,57,54,56,59
34,9,16,6,7,19,5,39,18,27,36,42,3,13,38,31,8,12,41,24,30,22,17,14,26,33,11,15,43,46,50,51,45,49,61,60,59,54,58,52,53,55
