5,10,19,13,18,14,9,11,22,6,20,23,17,8,3,2,27,30,31,29,28,24,40,33,41,39,35,36,42,38,52,56,48,51,49,55,57,53,54,60,50,62,63,45
23,10,13,8,12,6,9,4,1,3,20,14,21,22,5,17,24,28,29,27,25,30,42,34,37,40,33,35,36,38,63,60,50,56,59,47,61,46,55,44,53,52,45,48
2,6,23,15,13,10,3,14,11,12,1,22,8,20,19,18,28,30,29,25,27,31,42,40,37,32,33,34,35,38,44,57,56,55,49,45,52,53,50,63,61,58,54,48
1,3,2,10,4,9,18,22,23,13,11,14,5,8,20,16,27,26,24,30,28,31,43,41,34,35,39,40,38,32,63,62,49,53,44,47,61,48,57,51,59,56,54,52
15,2,20,16,6,10,8,14,7,22,13,19,21,18,1,5,25,31,27,29,24,30,41,43,35,32,36,39,42,37,45,46,47,57,60,62,52,54,63,53,55,50,49,59
21,1,2,12,11,15,4,18,19,8,16,10,14,23,3,7,26,25,31,29,27,28,32,36,38,42,39,40,35,41,46,58,60,50,56,49,44,51,61,62,45,59,55,54
2,22,16,23,7,19,17,12,14,5,1,15,4,6,10,3,29,24,30,28,26,27,34,33,39,35,37,38,41,42,58,55,59,50,46,52,62,51,60,57,54,61,56,48
19,14,13,3,9,17,23,21,6,20,11,4,16,2,8,1,26,30,27,31,24,28,35,42,37,34,39,41,36,38,61,53,54,59,48,52,62,57,49,58,51,45,47,46
19,9,3,15,16,13,14,10,17,21,2,7,5,1,20,23,31,28,26,24,25,29,39,33,37,42,41,34,40,32,62,50,48,53,49,45,60,52,59,55,44,61,46,51
19,6,22,3,14,12,8,2,7,18,9,20,4,5,10,13,26,30,31,28,29,25,38,35,39,36,43,32,41,33,57,47,48,51,61,63,62,56,49,44,50,46,53,54
7,22,15,3,17,5,19,21,10,20,13,1,14,6,12,23,30,29,31,27,28,24,33,43,34,37,36,38,35,39,53,55,46,52,44,60,57,47,58,62,48,51,63,45
18,5,16,2,17,19,21,23,6,3,22,14,7,12,10,20,24,25,26,28,27,29,39,38,40,35,33,42,41,32,56,62,46,51,58,57,60,44,61,55,45,59,47,49
6,1,13,22,11,8,7,17,4,18,12,16,23,10,21,3,29,28,31,25,26,24,43,41,42,40,32,38,35,34,53,52,55,46,57,47,60,48,49,59,51,44,63,56
14,3,19,12,18,20,23,8,16,15,5,6,22,9,7,2,28,25,26,29,24,31,37,36,39,33,38,40,43,32,52,51,47,56,55,59,46,57,50,62,49,45,61,63
9,16,18,1,7,17,14,6,23,19,12,5,4,11,22,20,24,28,30,25,26,27,32,43,34,38,42,33,39,40,45,51,54,46,63,52,59,53,49,62,58,61,44,50
14,6,3,2,12,21,15,11,19,8,20,23,7,1,18,9,24,31,25,26,28,30,36,39,42,32,33,37,43,34,60,55,54,47,51,45,52,44,48,58,59,53,49,56
13,14,4,21,11,17,5,20,23,6,19,10,7,12,8,3,30,24,31,29,26,28,43,41,33,37,35,34,42,38,56,48,55,62,52,63,57,44,53,51,54,59,60,47
23,6,16,10,20,9,13,3,2,21,11,17,7,1,19,8,25,28,24,31,27,26,39,41,36,32,35,40,37,34,49,47,54,48,50,55,53,60,46,59,56,62,57,61
23,17,13,5,6,7,4,9,18,1,15,16,11,8,19,22,26,28,30,31,27,24,41,38,42,33,40,39,43,34,52,50,56,62,54,57,53,48,63,55,59,58,44,60
19,7,15,16,5,2,17,9,13,11,10,22,3,6,20,8,27,31,28,29,26,30,40,38,37,32,35,42,36,39,55,59,57,47,61,45,54,44,56,58,51,53,60,46
19,20,14,1,18,23,3,12,6,4,22,9,5,11,7,10,28,25,31,24,27,26,33,39,38,42,35,43,40,32,55,53,48,51,45,52,57,47,56,59,49,62,60,44
22,12,8,14,11,7,18,23,3,6,10,19,21,9,2,1,30,25,26,24,31,29,32,37,42,39,41,34,43,35,44,50,61,58,55,53,45,46,63,62,54,57,60,49
23,15,11,2,3,6,19,1,22,8,16,7,10,20,17,14,27,29,26,31,24,28,38,40,35,32,37,33,41,34,49,58,47,55,56,45,51,52,53,62,61,63,44,60
12,19,4,20,10,1,9,8,17,22,18,15,21,14,13,16,31,24,28,27,25,26,35,34,33,41,36,43,32,40,44,62,56,52,51,57,60,55,63,48,53,58,46,54
21,1,14,6,20,16,7,23,10,2,5,15,19,9,3,12,25,27,26,24,29,30,39,43,33,37,35,42,36,32,45,63,46,56,48,52,60,58,49,55,54,53,62,51
7,4,12,23,8,5,9,18,6,17,3,19,16,20,15,10,28,27,30,26,31,24,38,42,32,43,37,33,35,39,60,56,47,55,54,51,50,62,53,46,44,49,58,59
1,22,20,7,14,16,3,17,2,11,21,23,10,18,15,12,26,27,29,24,31,30,41,35,42,43,38,37,36,39,50,47,52,49,55,46,62,60,57,61,56,48,58,51
8,5,6,3,16,12,9,10,7,13,11,23,4,21,18,19,26,27,28,29,24,30,37,32,35,33,34,39,38,42,55,59,56,53,51,46,48,58,45,54,60,61,49,52
19,2,9,17,8,13,5,14,10,20,21,22,6,3,4,7,25,30,28,31,27,29,37,32,34,38,40,43,33,42,50,54,63,46,56,59,58,47,60,61,55,57,49,53
15,5,12,6,16,17,22,9,8,3,14,18,13,19,21,10,27,26,28,25,24,30,35,32,41,40,37,36,39,43,60,53,44,62,58,56,49,52,50,51,63,54,55,57
15,2,22,5,23,11,21,17,7,18,19,1,10,3,13,14,31,28,25,30,27,24,43,37,41,39,36,34,38,33,54,57,63,51,55,46,60,49,61,47,56,62,50,44
7,9,14,12,23,8,4,3,15,18,20,22,10,19,5,6,29,26,30,24,25,31,41,42,39,32,33,36,43,40,46,45,53,57,56,47,51,44,55,61,52,59,62,50
18,12,21,23,13,5,19,17,11,14,9,3,4,10,1,20,29,27,31,26,25,30,35,36,41,42,37,38,33,39,52,51,46,53,60,44,58,45,47,49,63,55,62,50
5,16,14,1,9,8,21,18,20,10,15,17,11,4,13,3,31,27,30,28,24,26,40,33,38,39,32,37,43,36,59,48,61,47,49,55,51,44,63,45,50,56,52,57
5,7,19,8,14,20,21,4,3,17,22,10,12,23,6,11,27,24,29,30,25,28,39,37,32,35,42,41,34,36,52,60,59,54,57,61,44,55,58,48,62,51,63,53
10,7,20,8,17,11,2,1,4,23,22,19,14,12,18,21,29,25,30,27,31,24,37,43,35,40,39,42,41,33,54,46,56,47,49,52,53,57,60,63,61,45,44,62
20,4,7,2,12,23,1,13,18,16,22,14,11,6,21,5,30,26,25,24,29,31,41,32,38,33,39,34,43,42,62,49,44,57,58,54,52,45,50,63,56,48,55,47
13,16,15,2,12,23,7,21,19,22,11,4,10,20,6,18,26,31,24,30,25,28,41,35,40,37,33,32,42,38,50,44,45,62,47,55,58,51,48,60,57,59,52,61
3,10,2,11,14,17,6,21,4,23,8,12,18,22,9,16,28,29,30,24,26,27,39,38,37,40,36,41,35,43,56,45,52,60,63,61,58,44,53,57,62,55,46,54
14,5,12,1,3,13,4,21,23,9,6,10,16,8,15,20,27,30,28,29,26,24,35,39,38,42,37,32,41,33,44,58,49,61,51,57,47,50,46,56,60,54,45,53
6,4,3,8,9,15,7,11,2,1,18,23,12,19,17,14,30,29,26,28,27,24,40,37,42,32,43,38,34,36,48,62,63,54,56,51,44,57,45,59,58,55,47,46
19,9,18,10,12,23,7,1,6,14,8,17,4,20,2,13,27,31,28,24,29,30,34,35,41,43,40,36,32,42,50,49,45,44,57,48,52,51,47,54,63,60,58,46
2,20,14,15,16,6,10,8,7,19,5,13,18,1,3,11,28,25,29,30,31,26,33,39,37,43,40,41,32,38,61,58,63,55,45,46,51,49,44,52,57,50,62,53
14,16,18,1,11,22,2,21,7,3,12,8,15,10,4,23,24,29,31,26,27,25,42,37,34,40,32,39,43,35,62,54,57,58,44,52,49,56,53,48,63,61,60,55
12,5,7,18,11,3,13,10,2,9,23,8,22,15,16,6,31,29,28,30,25,26,38,40,37,41,43,32,33,35,44,62,51,52,60,48,59,61,45,50,46,57,55,53
14,22,7,8,13,4,21,19,2,17,15,12,16,20,5,6,25,31,30,26,28,29,37,43,33,36,40,42,41,38,59,57,47,62,44,63,61,48,51,49,45,56,52,54
17,18,21,11,19,6,15,13,20,7,12,10,4,14,1,16,30,24,28,29,26,25,40,43,32,37,42,35,34,36,53,51,56,57,63,45,48,59,47,58,62,61,52,55
5,22,10,6,11,3,2,4,18,17,12,13,1,21,19,20,28,29,24,25,30,31,35,43,40,36,42,38,32,41,62,49,51,56,61,59,52,44,63,47,48,46,53,54
16,22,18,11,2,15,13,19,12,3,14,6,1,23,10,17,31,27,25,29,26,28,34,33,32,35,40,37,36,43,59,50,61,45,58,53,49,63,62,55,52,60,54,56
1,14,17,6,3,8,23,20,16,13,21,10,22,15,19,7,30,28,24,25,29,31,33,42,40,32,36,43,34,41,45,54,46,60,62,56,51,52,47,57,50,61,63,58
2,18,13,11,21,12,3,5,19,1,7,9,16,17,23,14,29,30,28,25,31,24,41,38,43,35,42,33,37,34,48,51,62,50,46,58,47,57,54,63,60,49,55,44
21,8,7,12,1,10,15,5,22,9,19,18,4,3,23,2,27,28,30,25,29,24,32,34,36,33,38,41,35,42,46,51,47,63,45,57,56,48,62,55,44,49,61,60
20,2,11,8,12,3,18,14,6,19,7,16,10,5,17,9,27,25,29,30,31,28,38,34,43,36,37,42,40,32,63,62,44,45,48,61,52,59,53,51,47,50,54,58
20,17,9,2,10,12,7,13,21,19,22,8,15,14,6,16,24,31,27,26,30,29,35,38,34,37,36,41,42,32,47,52,54,56,59,46,48,62,60,50,57,49,44,58
8,21,12,11,22,18,10,9,14,7,20,6,5,1,3,19,27,30,28,29,31,25,36,37,43,34,42,35,38,33,51,47,48,63,56,58,61,53,54,62,50,52,57,60
23,1,4,19,20,22,10,9,6,14,3,7,5,16,18,2,25,31,24,26,29,27,35,41,36,40,43,38,33,39,58,60,51,61,48,54,59,52,55,57,50,63,45,47
23,6,5,22,10,3,20,13,12,17,1,8,4,21,15,18,25,26,31,28,29,30,33,35,36,39,41,37,32,38,62,52,45,51,49,54,46,59,58,57,61,55,47,63
22,1,17,16,21,23,6,11,2,14,8,9,20,18,15,3,29,24,27,28,25,31,33,36,39,42,37,43,35,40,55,62,59,51,61,52,45,50,63,58,57,54,53,48
18,19,10,17,16,9,14,11,21,5,12,2,7,8,22,23,31,24,27,30,25,28,37,33,43,42,41,40,36,34,55,57,50,62,45,47,58,44,60,56,49,51,63,53
13,22,9,21,10,18,11,8,16,23,4,19,2,12,15,7,25,28,27,24,29,31,41,37,36,35,42,33,39,43,55,52,50,45,59,53,51,62,46,48,47,61,63,44
23,19,6,4,21,12,8,7,5,9,3,1,11,10,17,22,27,24,31,25,28,26,43,39,42,33,34,32,35,38,47,63,60,57,51,45,44,49,53,56,55,48,62,50
2,10,6,11,17,9,1,5,21,4,23,13,18,7,16,19,24,30,29,31,26,27,38,42,33,39,43,41,37,34,49,63,52,44,48,60,61,58,53,56,57,46,47,54
4,11,18,21,5,12,20,3,9,16,1,19,15,6,23,10,30,27,31,24,26,25,39,34,33,40,43,42,37,35,49,46,44,59,51,48,53,58,45,60,54,62,52,56
17,14,3,5,19,1,21,9,16,7,4,13,15,6,12,20,30,28,25,29,24,26,43,34,39,38,42,32,40,33,44,51,61,62,56,54,55,57,48,52,63,46,45,58
4,15,2,12,3,14,5,11,13,17,19,1,22,20,10,9,27,26,31,29,28,24,40,39,33,36,42,34,41,43,47,46,55,44,59,50,52,58,51,56,62,63,48,49
14,10,12,13,4,6,21,19,23,7,3,22,11,2,18,16,30,31,29,26,28,24,35,36,37,34,40,39,41,42,44,62,45,60,58,47,51,50,48,54,46,57,59,53
7,16,22,11,6,3,14,17,19,12,8,5,10,23,20,4,24,30,26,25,31,27,35,43,41,38,37,34,32,36,53,55,45,44,61,62,54,46,50,48,57,58,63,59
4,13,6,17,2,8,14,1,12,20,23,3,7,16,21,9,31,30,27,29,28,25,36,37,32,35,39,41,40,33,58,50,60,52,62,54,44,61,51,55,56,63,46,59
2,19,17,9,3,11,12,4,23,15,22,18,7,1,10,20,29,27,28,30,24,25,37,39,33,43,42,36,38,34,47,49,61,51,57,52,50,48,58,62,59,55,56,45
4,18,16,7,23,11,21,10,22,5,8,20,19,9,17,14,30,28,24,29,25,26,39,41,33,35,43,34,36,38,48,63,46,59,61,57,58,60,62,53,54,50,51,52
13,6,12,2,4,20,3,17,22,10,11,15,5,14,1,23,26,25,28,27,29,24,35,41,32,38,40,37,43,42,60,62,52,54,56,48,46,63,61,49,45,55,51,50
8,22,10,18,7,21,2,6,9,17,1,14,13,15,5,4,25,31,28,30,27,26,32,42,37,41,36,34,33,39,53,47,52,45,57,44,46,48,49,55,50,59,62,51
8,2,5,12,14,9,19,6,7,3,18,13,23,20,21,1,28,29,27,30,31,24,35,39,42,34,33,40,38,41,49,57,59,50,45,51,58,54,63,44,60,56,55,62
6,9,7,20,17,22,12,1,19,14,21,15,5,8,16,2,24,30,31,26,25,28,36,43,40,34,39,37,33,38,52,61,60,56,49,53,58,50,57,59,45,44,47,54
6,3,1,2,13,8,10,16,20,15,23,18,7,21,19,9,30,27,31,24,28,25,43,41,32,35,38,42,36,34,47,61,44,46,48,53,63,57,52,50,54,58,56,55
17,9,23,2,5,13,22,10,6,19,16,4,15,20,8,18,25,29,28,24,31,26,39,32,41,33,35,42,43,40,57,63,55,53,50,56,48,51,47,44,61,54,62,58
4,16,22,21,13,20,7,8,3,23,11,9,18,17,12,1,29,24,27,30,31,25,42,37,32,35,33,41,43,40,49,53,46,45,51,60,48,52,62,55,59,63,57,54
13,6,18,21,23,3,22,19,20,17,2,12,7,5,9,4,25,27,28,29,30,26,38,36,35,40,39,34,33,41,44,49,59,52,55,45,48,57,51,50,62,46,47,60
10,22,20,1,2,23,18,11,19,4,12,13,3,14,9,21,24,31,25,27,28,26,33,32,39,38,42,41,34,35,51,47,60,53,52,49,61,59,62,56,45,46,50,48
4,20,17,2,14,6,9,13,3,19,5,7,8,15,10,23,28,24,26,29,31,30,37,40,32,36,35,34,42,33,51,50,55,49,63,44,57,56,60,61,54,48,47,58
20,10,4,1,2,19,7,3,9,13,16,5,17,18,15,22,27,25,31,24,26,29,38,32,39,33,42,35,34,40,47,51,57,46,50,62,48,59,58,49,54,44,55,52
5,11,22,23,9,15,18,13,8,21,6,19,16,1,2,20,26,31,30,24,25,28,38,36,43,37,34,40,39,42,46,60,52,54,61,47,57,56,63,45,55,58,51,50
1,21,15,8,19,20,11,22,17,6,2,10,7,18,4,3,30,27,24,28,29,25,37,33,40,39,38,43,35,41,55,47,60,44,58,51,53,52,48,45,56,46,62,59
15,14,2,5,9,22,3,16,23,4,20,11,10,12,6,8,24,31,30,28,26,27,32,38,41,37,34,33,39,35,62,46,50,47,45,60,51,63,54,49,58,48,44,57
9,2,7,21,15,20,5,17,14,8,16,13,1,11,6,23,30,24,28,25,31,27,43,32,36,33,39,35,38,42,58,54,59,62,44,50,51,45,49,57,48,52,55,61
10,8,22,18,12,23,1,19,2,3,11,15,7,4,13,20,30,28,31,27,29,24,38,32,34,43,41,35,36,40,60,57,52,53,44,48,61,51,62,56,45,63,47,58
10,14,18,21,3,16,8,9,1,19,7,22,5,15,17,12,24,28,26,27,30,29,42,43,37,36,39,35,41,38,52,49,61,51,59,48,56,62,50,44,54,53,55,47
11,18,4,17,22,9,23,14,3,7,1,5,2,6,13,15,25,31,28,29,27,30,34,39,40,32,33,42,37,43,48,55,62,51,45,44,47,56,61,59,57,54,63,46
5,13,15,16,17,20,7,3,14,11,21,10,19,2,12,18,28,27,26,31,25,29,39,40,37,36,35,33,38,42,59,49,58,55,63,54,44,61,46,56,60,48,62,52
9,2,20,4,16,7,15,12,5,14,13,17,10,23,11,1,25,31,30,29,26,27,39,38,37,32,41,36,33,35,63,48,46,60,52,51,44,49,58,55,45,54,47,61
20,9,4,2,11,18,12,10,7,21,19,23,6,5,16,22,29,25,24,26,30,31,43,34,35,32,36,41,38,39,59,52,63,60,53,62,48,50,47,51,58,54,61,55
21,20,12,17,18,16,5,8,1,10,11,2,9,4,23,3,25,28,27,31,24,30,37,36,40,35,33,32,42,43,52,47,60,63,51,53,54,58,45,55,48,59,49,44
19,21,13,7,12,1,15,11,14,5,20,2,9,3,18,6,31,28,29,26,30,25,33,36,35,38,42,41,32,37,60,52,44,62,49,50,57,63,55,45,61,53,48,58
1,22,21,2,3,4,16,19,15,14,8,18,5,23,12,7,24,31,29,27,30,26,43,41,40,35,33,37,39,34,49,63,58,60,51,45,62,44,50,46,52,57,55,53
16,22,17,2,3,20,5,21,10,12,14,9,15,4,13,1,27,25,31,26,24,29,35,34,32,37,38,39,36,43,61,46,54,45,58,56,44,52,50,59,60,48,47,53
1,10,14,19,21,2,17,11,22,4,9,15,8,13,20,7,27,25,24,26,30,31,34,32,41,38,42,36,39,40,48,57,62,60,59,58,45,50,61,56,52,44,47,51
9,3,16,12,4,17,14,15,6,7,11,8,10,20,13,21,24,30,25,28,29,26,43,34,38,42,32,37,40,39,47,60,55,44,45,58,63,46,52,56,51,59,53,49
10,14,16,23,4,6,19,1,20,3,13,8,7,5,21,22,31,29,26,24,25,30,36,33,39,40,34,41,38,32,45,53,44,52,55,60,57,48,62,47,61,49,63,54
14,4,8,15,20,3,17,1,10,16,19,12,13,23,21,11,24,27,26,28,29,30,39,32,36,41,34,40,33,42,49,51,59,62,58,56,50,46,54,63,53,55,48,44
12,21,9,19,18,22,8,3,1,15,16,23,13,20,11,6,28,24,26,25,30,27,33,41,43,42,40,37,39,36,45,49,47,44,54,56,46,60,55,48,62,51,50,52
