4,18,21,24,16,11,17,26,3,22,7,19,10,25,20,2,5,13,31,38,36,32,35,33,34,28
12,3,2,4,14,19,26,16,25,10,9,6,27,22,17,13,18,20,29,32,33,35,34,36,30,37
2,12,26,13,23,5,25,9,24,27,19,7,1,21,22,15,11,14,33,37,30,34,35,32,29,36
15,11,13,27,6,8,12,2,20,16,26,24,4,21,10,1,18,22,30,36,31,37,29,35,32,28
26,8,17,4,11,16,13,19,9,20,6,21,23,18,1,12,3,2,32,28,35,30,36,37,33,34
24,8,26,16,20,6,23,22,10,4,19,15,14,5,9,2,27,11,36,35,38,30,33,29,28,37
6,4,9,13,2,18,7,10,19,17,8,24,20,3,11,14,5,25,37,28,31,36,33,30,32,35
5,14,19,24,2,17,25,27,16,15,7,1,8,18,26,6,13,22,29,28,37,32,34,30,31,33
8,16,9,17,2,15,4,18,1,27,22,6,5,14,25,19,12,13,29,33,34,36,35,28,31,37
4,12,21,9,5,27,23,20,13,22,14,17,18,11,10,16,24,3,30,31,32,28,29,37,36,35
6,7,4,10,8,5,17,24,23,12,22,14,16,25,21,3,11,15,34,29,37,30,35,31,28,36
21,5,27,13,22,8,19,9,10,18,2,12,1,17,23,16,7,15,33,35,34,29,38,32,37,31
11,22,9,16,25,18,10,6,7,23,27,15,5,17,4,2,21,12,36,38,28,30,32,37,29,33
23,7,22,25,26,20,1,4,14,17,18,11,16,15,24,27,10,12,31,28,33,34,36,38,35,37
25,27,14,12,26,17,6,9,20,13,21,18,8,1,7,22,3,10,28,37,34,38,33,35,36,30
7,4,14,2,17,26,19,11,15,16,9,18,27,23,12,1,13,6,38,36,29,31,30,37,33,34
18,3,21,13,6,24,9,4,27,14,8,12,16,1,23,2,10,11,28,31,29,33,38,34,37,36
8,6,19,15,9,23,27,20,24,3,5,21,4,2,10,7,26,12,28,29,30,36,37,31,33,34
7,24,13,3,16,4,22,25,5,26,15,2,21,9,17,20,1,18,32,30,35,38,29,28,37,31
16,7,4,26,23,11,19,27,8,25,18,6,3,17,13,15,14,22,32,38,30,33,36,29,37,31
11,9,13,19,21,23,27,14,3,24,8,15,4,7,10,26,18,5,31,35,34,29,37,32,33,38
15,24,14,6,17,19,13,20,21,16,10,22,8,25,18,1,23,26,29,32,33,30,38,36,28,34
6,23,14,21,25,13,15,4,3,8,20,12,17,26,24,9,16,5,31,36,30,37,28,32,35,34
14,7,21,8,27,19,9,2,25,3,22,6,4,23,5,24,16,20,32,37,29,28,34,31,35,36
7,2,15,17,13,12,5,10,23,21,6,27,22,26,3,18,19,8,37,29,38,30,36,34,31,35
27,16,17,22,21,4,18,9,23,10,24,20,12,8,6,11,5,13,29,34,31,33,38,37,28,35
11,16,13,9,8,15,6,21,25,2,12,23,1,24,14,19,22,5,37,28,36,34,38,29,32,33
17,23,8,5,26,14,24,16,9,4,21,25,7,27,18,22,15,20,30,31,32,29,28,34,38,37
24,3,22,21,17,26,18,10,25,12,14,2,23,16,13,11,19,20,34,30,32,36,28,29,33,38
2,14,10,24,6,21,19,11,20,5,17,8,3,12,26,7,9,18,31,33,36,38,32,28,29,35
4,6,12,22,24,9,27,8,7,26,17,16,2,10,23,13,11,5,31,38,29,32,28,33,35,37
10,26,11,23,20,24,19,21,27,5,18,6,3,16,15,13,22,1,34,33,28,37,38,35,29,30
15,26,5,20,14,25,10,22,12,4,7,11,19,27,18,9,13,24,38,34,35,33,30,28,36,37
15,22,16,25,5,8,10,14,1,3,12,6,11,7,13,4,2,27,29,36,35,38,31,30,28,37
13,8,15,14,22,12,2,4,10,19,6,25,9,27,20,11,18,16,38,37,32,29,30,33,36,35
7,25,10,13,27,9,8,12,21,18,26,6,23,14,17,20,1,4,34,29,35,36,32,37,31,30
1,6,17,21,15,9,8,20,11,12,25,10,14,5,13,23,2,19,35,33,31,37,30,34,28,38
14,24,12,19,16,3,5,4,11,18,22,17,10,21,23,15,26,8,29,37,33,34,28,36,30,31
6,15,19,23,17,12,18,24,7,2,1,3,4,25,8,22,14,27,34,36,31,30,35,29,33,38
12,17,27,10,14,24,20,5,2,1,13,11,19,9,15,23,16,26,29,38,36,30,37,28,33,31
1,11,19,22,8,3,13,26,7,27,21,10,16,17,2,5,24,6,28,34,29,32,37,33,30,36
4,9,10,27,23,21,6,5,18,17,22,15,20,3,11,14,25,7,32,28,33,31,29,34,38,36
23,9,2,14,16,19,1,13,4,3,5,20,10,7,11,6,26,8,28,32,38,29,30,36,37,33
14,6,25,16,12,8,1,21,23,19,3,7,2,4,11,10,18,22,37,33,35,32,28,38,29,36
15,20,10,25,13,7,22,16,6,8,14,26,1,5,17,3,18,11,31,33,32,36,28,38,37,30
14,1,4,27,19,17,25,26,20,8,11,24,5,2,12,10,15,23,33,30,35,34,37,38,31,29
10,4,21,1,26,18,13,8,11,19,14,6,22,2,16,9,17,24,35,38,31,37,30,28,33,36
9,6,1,23,19,8,25,26,14,13,20,24,12,5,10,22,3,4,37,36,38,34,31,35,28,29
19,21,13,17,22,6,23,8,2,15,4,24,10,27,12,5,26,18,35,37,34,28,31,38,32,29
2,21,11,8,10,7,15,12,5,22,26,3,4,23,14,18,24,1,34,30,31,32,36,28,35,33
20,17,18,26,13,24,21,23,6,5,14,2,4,19,15,22,25,27,28,33,29,34,37,32,36,38
6,19,4,15,14,23,7,22,10,20,25,8,9,2,1,12,11,13,35,34,28,31,33,37,30,29
3,22,14,1,19,15,8,12,16,20,11,10,23,21,24,13,6,17,33,29,28,30,37,38,36,31
21,6,17,11,27,20,3,2,18,13,16,1,14,5,23,7,8,12,37,31,38,33,28,30,35,29
5,18,4,12,7,14,21,19,16,9,15,3,17,8,24,10,2,13,37,31,33,28,35,32,38,36
18,10,24,6,27,19,7,1,15,4,2,17,26,13,5,12,3,9,38,35,30,33,32,36,34,28
18,11,21,6,23,1,3,22,10,25,16,15,26,13,2,4,5,17,37,35,38,30,32,31,34,33
3,11,16,15,6,23,1,10,27,2,22,18,9,13,12,5,25,4,29,32,33,28,30,35,37,34
23,3,21,22,17,19,26,9,11,18,20,5,13,24,2,7,8,14,32,38,35,37,34,31,29,33
27,7,6,12,24,8,19,13,17,9,21,16,11,3,5,20,1,18,33,37,31,38,32,34,35,29
7,19,18,15,9,12,24,16,22,17,26,13,4,25,3,10,27,21,35,30,31,28,33,38,34,29
9,7,11,10,2,8,18,25,4,22,5,14,6,15,23,20,17,19,36,28,29,31,38,32,34,37
8,27,7,1,26,13,16,17,2,10,15,23,20,9,21,14,25,3,34,38,31,29,32,36,28,33
21,3,13,2,22,27,24,8,25,5,9,10,11,20,6,15,1,23,38,31,36,30,28,37,29,33
7,14,9,2,19,13,12,8,1,15,22,3,17,23,11,4,20,21,35,34,33,31,36,28,38,37
4,8,7,19,6,27,18,2,1,15,5,9,21,24,12,17,22,14,33,34,29,37,35,31,30,32
26,16,12,5,8,25,11,17,18,19,3,1,22,24,14,4,27,6,29,30,32,31,37,36,34,35
6,2,8,3,11,16,27,23,10,19,21,22,12,14,4,5,1,24,32,35,29,38,31,37,36,34
11,12,25,18,14,8,9,7,17,20,21,4,2,24,23,1,16,27,35,33,29,32,36,34,37,28
17,11,16,8,5,12,25,18,24,2,6,20,27,22,15,23,21,26,33,32,30,36,29,38,37,34
14,23,15,12,4,19,25,3,6,16,11,9,7,22,24,21,26,27,29,35,28,38,34,37,31,36
25,20,13,27,1,11,2,6,5,14,8,18,21,9,24,26,16,10,34,30,38,37,36,33,32,35
27,19,15,10,5,18,8,2,6,11,25,12,22,20,23,24,1,9,30,28,38,33,31,37,36,32
13,26,6,19,23,15,21,27,10,8,4,7,17,24,20,3,5,14,34,38,33,28,30,36,37,31
24,20,25,9,19,11,17,14,13,10,22,23,3,1,12,27,5,6,30,29,31,28,36,32,35,37
9,27,15,5,16,8,2,1,21,6,10,19,4,22,12,20,14,23,30,38,28,34,29,35,33,36
7,4,25,26,18,3,6,1,22,21,23,24,16,9,12,8,11,17,38,34,32,29,31,36,30,28
13,20,25,14,2,11,16,4,26,7,18,6,1,27,19,3,22,9,38,35,37,36,29,31,34,33
1,10,24,2,25,19,6,8,3,12,15,13,18,20,17,26,5,22,36,35,28,31,34,38,33,29
6,14,9,15,11,22,25,19,17,10,18,13,26,2,8,23,5,27,31,36,37,29,34,28,32,33
17,25,4,11,5,19,23,7,9,10,18,16,20,8,27,6,26,2,28,34,33,38,29,32,35,37
1,18,6,21,22,27,16,5,12,10,25,11,15,3,14,19,4,8,34,30,38,29,37,28,36,35
24,12,15,9,7,10,23,20,4,21,16,1,19,27,6,14,3,5,33,35,31,28,38,30,29,36
27,24,22,17,11,7,3,26,2,15,16,14,1,9,13,21,12,8,32,30,36,37,29,28,33,31
9,7,2,8,14,20,4,27,25,3,15,24,16,19,10,17,22,12,35,32,37,29,30,31,36,33
18,4,21,22,25,19,26,1,23,12,9,14,17,27,3,6,24,7,33,37,32,30,35,38,36,34
25,17,20,27,9,13,23,1,2,14,11,16,12,4,8,22,19,10,37,33,28,30,35,32,31,38
26,10,3,24,13,11,12,15,22,4,17,2,5,25,14,20,6,18,38,30,37,29,35,32,34,36
18,27,9,25,10,13,5,12,6,20,26,21,8,16,19,1,7,11,29,30,37,32,33,35,34,31
14,26,9,19,25,6,5,11,2,16,4,10,1,12,13,20,7,17,36,31,33,37,30,28,29,32
23,4,19,9,6,8,10,21,2,20,3,7,22,26,13,14,24,11,37,28,36,31,35,34,38,32
16,19,7,23,3,11,2,20,8,15,17,12,14,6,22,26,5,18,32,34,35,31,36,30,28,33
10,3,16,27,21,18,13,4,11,12,1,14,19,22,24,26,9,7,34,37,31,29,38,35,33,30
11,25,8,9,16,7,17,13,3,2,5,23,6,4,22,18,14,19,29,32,36,35,37,31,34,28
8,14,25,13,6,7,9,26,20,24,22,18,10,2,23,4,5,21,36,31,30,34,33,38,32,37
13,8,26,27,20,10,11,22,6,23,16,25,12,18,21,2,3,4,33,35,34,38,36,37,30,31
20,5,25,15,10,14,22,27,16,2,3,6,13,17,23,19,7,21,37,31,35,29,34,38,30,33
24,10,2,9,17,7,11,14,5,23,13,21,1,27,16,26,12,6,31,30,29,28,34,32,37,33
19,14,21,10,3,7,23,27,18,5,8,20,25,24,12,16,11,1,35,29,28,30,36,34,38,37
12,16,25,27,2,4,23,26,14,24,22,7,8,9,21,6,3,5,38,29,35,28,34,33,31,30
