7,6,2,1,17,4,15,16,12,20,46,47,18,55,48,5,52,9,19,30,29,50,24,27,21,26,61,60,57,53,22,59,37,34,36,31,33,38,45,43,41,44,42
1,6,2,7,15,20,16,11,17,12,48,18,55,46,49,5,28,19,51,9,50,29,24,23,21,26,60,57,53,58,59,22,34,35,33,32,31,38,43,41,42,40,45
6,2,3,1,12,11,20,13,16,15,18,54,47,5,48,46,29,52,9,50,19,10,26,25,21,24,61,58,57,59,56,53,38,34,32,33,36,37,41,39,40,43,44
2,6,3,7,13,17,11,12,15,14,49,8,54,5,48,18,9,52,10,29,51,19,21,26,24,27,53,61,56,22,58,57,32,36,37,35,33,34,44,42,43,45,41
2,3,6,7,20,4,12,14,11,17,8,5,54,47,55,18,10,28,52,19,50,51,21,23,24,25,59,56,57,53,61,60,34,37,32,36,35,31,43,41,42,39,45
7,1,6,3,14,4,12,13,15,17,49,47,54,46,55,5,51,19,10,50,29,28,26,21,24,27,57,61,58,60,56,59,38,37,32,36,33,35,44,40,43,42,45
1,6,3,2,17,16,13,15,12,11,54,55,5,8,46,48,29,9,30,52,51,28,24,27,26,25,59,57,58,53,61,22,37,34,36,35,33,38,41,43,42,40,39
3,7,6,1,12,17,16,20,14,4,8,5,54,46,49,18,9,29,51,28,30,19,27,23,25,21,61,58,60,56,57,22,37,31,32,36,35,38,42,44,43,45,40
7,3,6,2,12,13,20,4,15,17,49,5,8,55,46,54,9,28,50,29,52,51,26,25,23,24,58,61,60,57,22,53,32,34,37,35,33,31,44,45,40,43,42
6,7,3,2,20,12,17,13,15,14,46,5,54,49,8,47,19,10,51,52,9,30,27,24,21,23,57,60,59,22,58,53,37,36,31,38,35,32,45,44,43,40,39
3,1,7,2,4,13,14,12,20,16,49,54,55,8,5,46,29,52,19,30,10,28,25,23,27,24,61,58,60,59,57,56,33,36,32,34,37,38,42,44,40,43,39
3,6,7,1,15,14,13,12,16,17,8,47,5,18,55,48,28,52,30,50,19,10,26,23,25,27,58,57,61,56,22,59,36,33,31,34,35,37,39,45,41,42,40
3,1,6,7,14,20,16,15,17,12,46,5,8,48,18,47,9,19,50,28,10,30,25,23,24,27,61,59,22,56,60,57,31,37,36,34,38,33,44,43,42,45,40
6,2,3,7,12,4,15,17,14,16,5,8,49,18,54,55,50,10,28,19,51,52,25,21,27,26,22,56,59,60,58,53,34,33,31,32,38,37,43,39,45,44,40
6,7,2,3,13,16,17,15,4,12,54,55,46,8,18,48,10,51,28,52,9,19,24,26,25,21,22,53,56,61,58,57,38,32,35,34,36,31,39,41,40,42,44
3,6,2,1,17,11,4,16,13,14,55,54,8,48,5,46,29,50,30,19,10,52,27,24,21,25,61,56,60,57,22,58,37,33,32,34,35,31,39,42,44,43,41
2,6,3,7,14,4,15,20,12,11,49,55,5,54,18,47,30,9,28,19,52,29,25,24,27,23,56,59,57,61,53,60,34,37,33,35,32,36,45,44,42,41,40
6,3,7,2,16,4,20,17,12,13,5,18,49,46,47,48,50,19,10,28,51,52,25,27,24,26,59,56,58,22,61,60,31,36,34,38,37,35,43,44,45,40,42
2,3,7,1,11,14,20,13,15,16,49,5,18,55,8,54,9,50,52,51,30,29,24,27,25,26,58,22,61,60,57,59,31,32,34,33,36,35,45,43,44,42,40
6,2,7,1,14,16,20,11,13,17,55,49,18,46,47,54,50,51,29,28,30,52,27,21,26,24,58,59,60,53,57,22,32,37,31,36,33,35,40,42,41,45,39
7,2,6,3,14,11,13,15,12,20,49,47,48,55,5,46,9,10,28,19,29,52,26,23,21,24,58,56,60,57,61,53,36,32,31,38,34,33,39,45,42,43,41
3,2,7,6,4,16,13,14,11,17,8,48,54,55,49,47,9,29,51,10,52,28,21,25,24,27,53,58,59,61,22,57,32,34,31,33,38,36,43,41,44,40,42
2,1,3,6,11,15,17,16,14,20,49,54,5,47,46,8,30,10,50,52,28,19,26,27,24,23,61,57,53,22,58,56,34,35,36,37,38,31,42,43,39,44,40
7,6,1,3,4,11,20,15,16,13,54,8,48,47,18,46,29,50,9,28,52,30,24,26,23,21,61,22,53,56,58,59,36,31,34,32,37,38,40,41,45,44,42
2,1,6,3,14,20,4,17,12,15,46,18,8,49,47,55,9,50,30,10,29,19,23,24,21,26,60,59,57,61,53,22,32,36,38,35,33,37,39,41,45,44,43
3,1,7,2,15,14,11,17,4,13,55,8,49,47,46,54,51,28,52,29,19,50,21,24,27,25,57,58,56,59,22,53,34,32,37,31,36,33,41,43,45,40,39
3,7,2,1,14,16,17,4,15,11,8,5,55,47,49,46,28,30,51,19,52,10,24,26,25,23,61,60,22,58,53,57,33,32,35,36,38,31,41,40,44,43,45
2,6,3,1,16,13,14,20,12,15,47,49,5,48,54,55,51,30,19,29,9,10,27,21,26,24,22,56,58,60,57,59,38,37,32,34,31,35,40,39,42,41,43
2,3,7,1,12,13,14,4,20,15,54,46,48,55,18,47,28,10,50,9,52,29,24,21,23,25,58,53,56,61,59,22,37,32,31,34,38,35,40,43,42,45,39
1,2,7,6,13,14,11,20,17,16,8,5,18,48,55,46,9,29,30,10,51,52,26,24,21,23,57,56,60,59,58,61,35,38,36,31,33,37,42,44,40,45,39
1,7,6,2,14,20,16,4,13,17,54,49,5,18,48,46,10,9,51,29,50,30,23,26,27,21,58,22,59,60,57,61,37,35,32,38,31,33,41,44,42,43,39
7,2,6,1,4,20,16,14,13,17,8,46,49,48,54,55,10,30,51,19,9,29,25,23,27,24,53,57,58,56,59,22,33,38,32,35,34,36,42,43,40,45,39
1,3,7,6,14,16,12,15,17,13,47,49,46,5,48,54,30,50,29,52,51,10,26,27,25,21,56,22,59,61,53,57,34,31,32,36,35,33,45,43,44,39,41
7,3,6,1,16,4,12,11,20,13,46,54,5,8,47,18,50,9,19,30,10,52,23,27,25,26,56,53,58,57,61,59,31,36,35,34,33,32,41,40,44,39,43
1,3,2,6,11,12,17,15,14,16,54,48,46,47,18,55,28,9,29,19,51,52,27,26,25,23,22,60,61,53,59,58,35,33,34,38,31,36,41,42,45,40,39
6,3,1,2,4,13,15,12,20,11,55,49,8,54,47,48,28,30,52,29,50,9,24,27,21,25,61,58,53,22,60,56,37,31,35,36,34,38,40,43,45,39,41
6,2,1,3,4,20,14,11,13,16,5,49,8,46,47,18,9,29,50,51,19,28,26,21,23,25,60,58,61,59,57,53,37,33,31,34,38,32,40,43,42,45,44
3,2,6,1,14,4,20,13,12,15,55,54,49,46,47,5,19,52,30,51,29,50,26,21,23,27,53,22,57,59,60,56,38,36,37,32,33,34,45,42,41,44,40
1,7,6,3,12,13,16,20,14,15,55,54,46,18,49,48,10,51,30,9,29,19,24,27,23,21,61,60,58,53,56,59,37,36,34,31,32,33,45,44,40,43,42
6,2,7,3,15,14,4,11,12,16,54,49,55,18,5,46,29,50,9,52,30,19,26,23,21,24,59,56,61,57,22,53,32,33,38,35,31,37,45,44,40,43,41
1,6,2,3,12,20,14,17,15,4,47,48,55,5,8,49,29,52,9,10,50,19,21,26,25,24,60,57,22,58,53,56,38,34,37,36,31,35,39,41,40,43,42
2,1,6,3,4,12,15,17,20,11,49,47,8,48,5,54,30,29,19,51,50,9,21,23,27,24,56,58,53,59,22,57,32,38,33,31,34,36,42,44,45,40,39
6,3,7,2,12,13,15,17,20,16,49,18,54,55,48,8,52,50,9,19,30,28,21,25,23,26,22,60,57,61,58,56,37,36,38,33,32,35,45,44,39,43,42
7,1,2,3,20,17,11,15,13,14,46,47,55,49,18,54,50,19,10,52,9,51,21,24,26,27,58,56,61,53,59,22,37,35,33,34,38,32,44,43,41,45,39
6,3,7,1,16,15,11,12,14,13,48,18,55,5,8,47,29,10,28,50,30,52,25,24,26,21,22,60,56,61,59,58,33,34,37,35,36,38,43,44,41,42,40
1,2,6,3,13,16,20,11,14,15,55,47,5,46,48,18,9,30,29,50,28,51,21,25,26,27,59,60,57,53,61,22,33,32,37,34,35,38,42,41,40,44,45
1,7,3,6,4,11,17,14,15,20,49,46,55,8,47,5,28,29,52,9,50,19,24,26,23,21,61,60,53,56,58,59,35,37,38,32,33,31,42,41,40,44,45
2,1,3,6,4,12,11,13,20,16,46,5,55,8,47,18,9,28,50,19,52,29,21,23,26,25,58,53,61,59,57,22,37,33,32,34,35,31,40,43,44,39,41
1,2,7,3,14,20,16,15,17,13,49,54,8,47,55,48,50,9,30,10,52,51,25,21,27,23,22,58,59,60,56,53,37,35,38,31,36,34,42,44,39,41,45
1,3,2,7,20,4,12,17,11,15,48,49,18,55,47,54,30,19,50,29,52,28,24,26,25,23,57,53,60,61,22,58,34,36,38,32,31,33,41,42,44,43,45
3,2,1,7,12,14,15,20,11,17,54,8,46,47,18,5,51,29,19,30,50,9,26,23,24,27,59,58,22,53,61,57,33,37,31,34,32,36,43,40,39,42,45
1,3,2,6,14,15,12,13,20,17,54,49,55,8,5,48,19,51,29,10,28,52,24,26,25,27,57,60,53,22,59,61,35,32,33,31,34,37,39,42,44,45,40
7,1,6,3,16,20,12,17,11,15,49,46,18,47,8,55,19,9,10,52,30,28,25,24,26,27,61,56,53,22,58,59,33,36,37,38,31,32,42,43,41,45,40
2,1,6,3,12,20,11,16,14,15,49,18,46,5,48,55,29,51,30,28,52,9,25,21,23,26,57,59,61,58,22,56,35,31,33,37,36,38,41,43,40,44,39
6,3,7,2,15,16,11,14,12,20,46,49,8,54,47,5,10,52,19,9,29,51,24,26,23,25,59,60,58,22,56,61,32,36,31,37,33,34,44,41,39,42,40
3,7,2,6,15,16,13,11,12,20,47,18,48,46,8,5,51,9,29,28,19,10,25,21,26,23,60,58,61,57,56,22,38,35,34,32,36,33,39,44,41,43,42
3,1,6,7,12,4,20,14,15,17,8,18,48,55,46,54,10,9,29,50,51,28,21,24,25,27,59,58,57,60,53,61,38,31,33,35,36,32,39,41,43,45,44
7,6,1,2,14,11,13,12,16,15,18,5,48,46,49,47,10,52,29,50,19,30,25,21,26,23,22,60,61,59,57,56,32,34,37,35,33,38,45,43,40,39,44
6,2,1,7,11,17,20,4,15,14,18,49,55,8,47,5,30,50,28,52,51,29,23,25,26,21,58,56,57,59,22,61,32,34,33,37,31,35,45,39,42,40,41
3,1,7,6,11,17,4,20,16,13,54,5,55,46,47,49,10,30,29,9,51,19,27,26,23,21,61,60,53,59,56,22,34,36,31,33,35,32,40,42,43,39,45
7,2,3,1,12,13,15,4,16,17,18,8,5,55,46,49,19,51,28,30,50,10,26,23,24,27,58,53,59,57,56,60,37,32,35,38,31,36,41,45,43,44,40
1,6,7,3,4,20,11,14,15,16,48,49,46,54,47,18,9,19,29,50,52,10,24,25,21,27,22,57,56,53,58,59,37,38,33,32,35,31,44,40,41,45,39
6,3,7,1,13,16,17,14,4,20,54,47,49,8,55,5,10,30,28,52,50,9,25,23,24,21,59,60,53,58,56,57,38,34,31,36,33,35,45,39,43,40,44
1,7,3,6,14,12,15,17,11,16,55,48,18,49,46,54,52,30,51,50,19,10,25,26,21,27,58,60,61,53,59,22,34,37,32,38,33,31,40,45,41,39,44
2,3,7,1,20,12,11,15,17,16,54,48,8,49,5,46,52,28,30,51,19,29,25,21,27,26,53,59,22,58,61,56,38,34,35,31,36,37,43,41,44,39,45
7,2,1,6,14,4,15,20,16,13,8,18,47,49,55,54,29,30,50,51,28,10,23,25,27,24,59,22,58,61,57,56,35,38,36,32,31,37,44,43,41,45,42
1,3,2,7,4,16,15,13,11,20,48,5,46,49,47,55,52,50,30,19,29,10,24,23,26,27,61,53,56,57,60,58,32,34,33,31,38,37,44,40,41,39,42
1,6,2,7,15,20,17,16,13,11,46,54,55,49,18,5,9,30,51,50,19,28,26,25,27,21,58,56,22,57,61,53,32,33,38,37,35,31,44,45,40,42,43
7,2,6,3,15,20,4,17,16,14,8,5,48,46,55,47,29,51,28,30,9,19,25,26,24,21,61,58,57,53,59,60,31,35,34,38,37,32,41,45,43,40,44
6,2,3,1,11,17,4,20,13,12,47,5,55,18,8,48,51,9,19,29,30,28,24,23,21,25,56,61,57,59,53,60,33,38,31,32,35,37,42,43,39,41,40
2,7,3,1,16,14,4,20,11,17,55,5,18,46,54,47,51,50,30,9,19,28,24,21,25,23,60,22,58,53,57,56,38,32,34,37,31,35,45,43,39,42,44
1,3,6,2,17,14,11,4,16,12,47,49,48,18,46,8,50,30,51,28,10,19,23,25,21,24,59,57,53,60,58,22,34,38,33,35,36,37,41,43,40,42,44
7,3,1,6,20,17,14,12,16,13,47,18,8,48,46,49,52,9,10,30,51,28,21,23,24,27,56,59,57,53,61,58,37,33,36,34,38,35,40,44,41,45,43
2,1,7,6,16,11,13,14,20,12,54,47,5,55,8,46,19,50,29,28,10,51,25,26,27,21,57,59,56,58,22,53,38,32,36,37,35,34,45,43,39,42,41
3,2,7,1,14,12,16,11,20,13,48,46,55,49,8,47,28,51,19,52,50,29,25,27,24,23,53,61,58,56,59,22,34,37,36,32,35,38,39,41,43,40,42
1,3,2,6,4,14,20,15,11,12,47,55,5,18,46,49,30,51,52,29,28,50,24,21,25,26,22,57,60,56,61,53,34,33,35,38,36,31,39,42,40,44,41
2,1,6,7,20,4,12,14,11,13,46,8,55,48,54,18,29,28,19,9,51,50,27,25,24,21,61,53,22,56,58,59,37,38,34,35,36,33,40,44,45,39,41
6,7,2,3,17,16,14,4,13,12,8,48,5,47,49,55,50,28,19,52,51,30,24,23,25,21,58,22,56,60,59,61,36,33,35,38,32,37,42,40,39,41,45
7,1,2,6,20,11,16,12,17,13,5,49,47,55,46,8,29,50,52,9,19,10,25,26,24,21,53,57,61,56,22,58,33,37,36,34,32,38,39,42,44,41,40
1,6,7,3,15,14,11,12,16,17,54,5,46,48,49,47,51,30,9,29,10,19,25,27,24,23,60,56,22,57,53,58,31,38,35,37,34,32,45,40,42,39,43
3,7,2,6,15,13,16,20,4,12,5,8,54,49,48,55,9,10,50,51,29,19,23,25,26,27,53,56,59,22,61,57,36,31,38,37,35,32,39,43,40,44,42
7,6,1,3,11,15,17,20,13,12,49,55,8,46,54,18,30,52,51,10,19,28,21,24,27,26,60,61,59,22,57,56,36,34,37,35,32,33,45,39,42,41,43
3,7,2,6,15,4,16,17,13,20,5,55,46,49,54,8,10,50,51,19,52,9,26,25,27,24,59,53,60,57,58,22,32,35,37,38,34,33,42,45,41,44,40
6,7,2,3,12,4,20,14,17,15,48,8,55,47,49,54,50,9,52,19,10,29,27,21,24,26,57,56,61,59,60,22,35,34,36,33,38,31,41,42,39,43,40
3,1,6,7,13,15,17,20,12,11,47,55,5,54,46,8,50,30,29,19,52,9,25,24,27,23,60,53,57,22,58,56,37,38,31,35,32,33,41,44,43,40,42
7,1,6,2,16,11,13,14,15,20,8,18,55,47,5,46,10,19,9,29,51,50,27,25,21,26,60,58,59,22,53,56,38,35,33,31,37,36,45,43,42,39,44
6,3,2,7,14,13,12,16,4,17,49,18,8,5,48,55,10,30,28,19,29,9,24,27,25,23,53,59,61,60,22,56,33,31,32,36,37,38,41,42,39,44,45
7,1,3,6,14,20,4,17,12,11,8,54,48,47,18,55,19,51,29,30,52,28,24,27,26,23,22,53,58,60,59,61,35,31,36,33,32,38,44,45,42,43,40
2,6,7,3,16,20,13,15,12,17,55,49,18,5,54,47,28,10,50,52,9,29,21,26,23,25,56,59,61,60,53,22,38,35,37,32,34,31,44,41,40,45,39
6,2,3,7,14,16,12,4,15,13,46,55,18,49,47,8,28,30,50,29,51,10,21,25,26,24,60,61,22,59,53,56,37,36,34,31,38,32,42,41,40,45,43
6,7,1,3,20,16,12,14,13,11,18,49,5,47,48,8,10,29,50,30,52,9,27,24,23,26,22,53,59,58,57,56,35,36,37,31,34,38,45,42,40,39,43
1,7,2,6,16,13,4,15,12,20,46,49,18,8,47,54,52,29,10,19,50,51,24,25,23,27,58,22,60,56,57,61,36,31,33,35,34,32,42,39,41,43,45
7,6,3,2,11,12,15,20,14,13,8,54,47,46,49,48,19,50,30,52,10,51,27,21,23,24,22,53,61,56,59,58,31,33,35,36,38,37,44,40,41,42,45
3,1,7,6,13,14,20,12,15,4,8,49,5,55,54,47,28,29,10,30,19,52,21,27,25,23,22,61,56,60,57,59,36,38,33,35,37,31,39,43,44,41,40
2,7,6,3,15,14,20,4,12,11,46,18,48,47,54,49,10,19,9,51,52,29,23,27,25,21,60,57,53,61,59,56,38,32,33,31,36,35,40,44,39,45,43
6,7,3,2,12,15,20,13,17,4,5,47,48,18,8,54,52,9,28,19,50,10,27,24,26,25,53,56,58,57,61,22,37,31,33,35,34,38,45,42,40,41,39
1,2,3,7,13,11,17,4,15,12,8,5,54,49,48,46,19,28,30,9,10,50,25,26,23,21,60,22,59,53,61,58,32,38,35,33,31,37,40,41,42,43,45
6,1,7,2,16,12,15,13,20,14,47,5,18,49,55,48,28,29,30,9,50,10,26,24,23,27,56,59,22,58,60,61,35,37,34,38,36,32,41,40,39,45,43
2,1,3,7,13,12,20,4,15,11,8,55,49,18,5,54,30,29,9,10,19,50,21,27,25,23,57,61,59,60,58,56,31,34,33,38,37,32,43,39,42,44,40
2,3,1,6,14,17,11,13,15,16,49,18,48,47,46,55,10,52,19,29,30,28,21,23,27,25,61,56,57,58,59,60,38,37,33,31,35,34,43,39,42,45,40
