1,33,12,47,44,6,48,25,13,24,34,43,40,41,5,11,30,15,45,19,26,42,49,10,3,18,27,39,37,17,7,14,23,36,58,88,74,57,98,100,90,64,96,83,73,65,91,89,61,63,84,79,70,56,76,69,95,86,81,68,80,60,94,78,93,71,92,75,102
1,27,15,19,13,25,30,20,28,6,12,18,14,32,22,17,24,44,41,49,46,34,8,50,26,11,33,23,2,3,39,36,48,45,76,94,70,64,54,52,81,79,97,56,89,74,58,60,101,90,66,67,91,78,62,96,71,63,87,77,85,84,53,68,102,82,86,98,61
32,44,25,5,29,46,31,47,10,39,8,20,14,34,6,48,16,18,42,2,35,3,17,15,27,13,11,36,22,23,38,37,21,40,63,70,89,83,81,97,71,93,74,67,91,82,51,73,95,88,86,85,75,84,80,69,96,62,54,98,52,100,58,59,78,56,57,77,61
8,31,39,15,5,34,30,32,14,17,4,29,3,7,23,11,46,12,22,36,42,21,16,2,45,44,24,25,9,18,28,19,1,26,102,93,83,56,73,88,94,89,90,92,65,79,75,97,60,78,52,91,58,62,63,72,68,59,51,77,69,85,95,70,64,81,84,87,71
49,27,35,32,1,29,34,18,39,4,50,25,3,36,41,22,15,11,44,9,33,43,7,23,21,42,47,8,13,2,37,48,24,19,63,85,77,78,56,101,64,80,79,69,95,55,68,52,66,53,70,99,72,98,82,75,58,84,65,67,86,87,76,91,60,51,89,57,102
46,22,36,18,15,24,17,41,4,30,34,33,32,42,20,19,28,11,37,25,29,44,10,23,2,47,6,45,39,12,3,31,40,8,79,63,93,85,69,61,52,78,96,51,54,87,68,72,92,62,101,89,76,99,55,98,59,84,80,82,66,102,86,100,58,83,73,81,65
18,27,25,11,7,17,35,3,20,9,21,32,42,31,23,37,48,28,43,6,50,15,33,13,14,34,39,8,1,41,22,2,12,24,81,84,73,74,88,52,96,85,77,51,89,98,59,66,97,90,91,55,68,76,99,63,93,69,57,80,83,58,102,86,82,71,53,92,94
29,15,7,33,43,41,5,38,49,18,9,12,36,47,8,32,34,24,28,6,48,13,35,45,16,3,25,10,26,44,4,11,17,30,84,72,69,91,87,54,100,82,53,64,63,65,78,86,67,56,79,90,77,94,70,96,73,57,52,93,80,76,89,75,51,88,62,83,85
5,18,21,24,33,26,9,3,17,45,25,47,46,35,4,2,20,41,36,31,42,16,13,15,11,10,6,44,29,23,32,27,14,43,73,61,72,54,88,83,82,65,96,55,62,98,74,100,76,89,84,90,58,99,79,97,59,70,67,102,63,87,75,85,66,86,51,52,60
8,9,33,48,24,13,40,45,37,18,1,16,11,42,6,14,19,39,2,23,28,35,17,31,30,44,15,41,25,43,10,26,47,4,52,91,80,82,53,66,67,99,100,97,54,86,94,71,63,69,59,75,81,93,102,85,84,79,70,68,87,62,55,57,65,88,95,78,73
49,43,1,29,8,28,50,16,15,12,9,41,6,18,32,31,35,21,11,27,25,17,34,36,7,20,39,30,44,42,33,38,45,23,95,78,97,68,102,99,80,56,54,70,76,61,98,73,69,51,77,100,96,101,58,83,94,71,90,74,81,65,52,59,92,53,60,62,87
8,16,24,21,35,22,37,26,7,29,14,15,34,11,49,25,2,45,6,18,48,19,4,43,17,39,46,10,32,38,1,3,33,50,92,84,67,96,63,58,61,91,99,51,69,76,101,68,71,74,55,100,54,98,73,80,83,64,62,70,85,59,86,75,81,66,82,90,87
50,38,8,13,49,7,27,32,37,21,1,14,10,46,9,2,17,39,40,28,5,22,35,36,30,15,23,44,34,3,16,20,25,33,66,102,74,82,61,57,64,92,86,87,68,76,75,96,56,63,81,70,55,84,98,73,90,53,78,69,60,54,91,94,71,80,77,58,89
15,41,8,3,1,5,43,37,21,44,4,7,25,35,42,16,49,29,24,32,36,50,20,18,48,47,2,30,19,11,38,17,27,26,88,53,68,59,102,99,57,82,92,66,74,52,100,56,63,67,90,78,61,72,58,51,86,85,69,70,62,71,95,81,98,64,101,80,75
12,6,5,11,43,9,13,18,14,22,42,45,28,2,39,19,48,17,41,35,36,24,34,15,31,21,8,1,30,47,3,25,50,26,94,72,84,82,68,69,57,54,78,87,92,65,52,64,85,81,53,55,59,58,96,86,71,90,101,80,51,99,62,56,97,70,74,89,63
20,27,13,12,48,31,46,32,21,43,10,42,23,45,25,28,8,36,6,19,49,22,4,33,34,44,2,1,5,7,14,11,38,24,72,88,102,87,56,53,84,82,95,101,74,78,77,66,89,98,100,73,51,93,70,80,90,71,85,96,94,68,75,59,61,54,64,97,69
36,26,34,27,42,23,3,1,32,49,41,24,2,50,28,39,43,47,45,7,35,30,13,21,37,4,19,22,17,29,16,6,9,18,80,52,84,77,64,87,91,73,75,101,74,83,102,98,62,79,66,65,69,92,67,100,90,89,53,88,71,60,86,72,93,85,95,78,99
41,8,14,36,43,34,23,50,30,17,25,16,5,19,26,12,29,40,48,39,24,1,6,7,21,46,20,27,18,35,42,10,3,11,100,90,64,78,67,95,57,65,81,56,102,73,94,93,66,59,79,88,86,82,74,84,80,68,75,96,92,62,70,101,54,72,53,87,69
23,10,8,40,1,29,12,17,25,31,47,24,33,36,3,39,13,35,44,50,2,42,22,14,49,37,15,43,18,16,41,21,30,19,94,73,64,102,57,71,62,99,95,98,97,72,52,84,83,51,86,78,54,65,82,69,101,89,68,81,76,55,93,59,63,91,96,70,77
41,10,27,1,11,18,17,33,25,46,24,16,47,2,36,26,34,4,15,23,7,39,6,44,49,19,35,3,50,12,38,43,28,22,98,78,65,70,73,52,74,66,71,57,89,87,59,75,76,95,81,101,91,56,83,63,93,102,90,67,72,79,100,51,94,60,82,58,80
5,34,9,10,6,30,38,45,19,14,47,4,8,15,44,17,13,36,48,2,46,23,39,20,12,1,27,43,37,7,24,3,21,29,71,97,61,86,52,76,89,81,91,53,102,99,69,62,87,57,67,82,75,80,77,84,70,88,90,74,79,58,56,94,63,54,95,64,98
27,12,28,10,5,40,1,48,34,23,6,19,9,47,18,33,38,25,13,4,36,45,21,8,22,14,11,24,44,17,42,16,32,35,62,101,64,76,82,87,96,77,84,102,60,93,57,78,92,70,54,72,55,56,58,69,52,97,68,99,75,65,79,95,98,59,83,85,94
50,9,2,45,34,14,15,3,29,35,40,5,7,11,41,10,23,12,27,32,33,44,4,39,22,37,47,43,25,21,13,16,24,20,55,98,54,93,83,71,59,60,88,102,84,66,80,94,72,77,86,97,68,89,101,74,75,90,69,53,64,95,67,92,91,51,65,96,57
35,26,32,15,2,25,22,9,7,37,47,11,3,30,17,8,43,40,36,5,41,10,6,50,38,46,39,24,1,45,21,18,34,19,87,96,79,78,56,57,59,75,90,65,54,66,74,58,77,83,68,82,71,92,80,88,72,61,100,94,51,98,89,99,52,76,60,86,85
36,22,30,12,50,24,3,21,14,33,10,39,38,26,25,45,11,16,4,9,5,2,43,49,7,34,1,18,31,42,20,47,15,23,75,95,98,54,65,84,79,87,97,61,63,101,56,77,93,90,73,66,94,96,82,91,60,89,71,102,62,80,72,52,68,74,58,57,55
43,26,5,4,38,31,2,6,39,40,48,10,17,30,20,50,13,12,27,23,14,41,25,21,11,35,3,8,1,34,15,36,7,45,93,71,56,74,92,65,61,83,69,84,81,89,97,70,96,67,75,102,98,90,95,51,63,82,79,88,94,100,101,66,76,99,87,80,57
14,15,12,47,17,26,8,38,7,42,5,20,35,23,43,49,45,41,3,40,36,29,21,50,22,4,9,31,1,13,6,10,28,11,69,98,59,102,81,100,76,97,70,93,75,90,83,95,87,57,68,96,62,65,79,56,53,71,52,94,77,78,92,63,54,85,88,67,74
38,19,14,6,16,48,41,23,2,7,9,31,39,42,17,11,27,34,13,12,36,33,50,37,32,15,45,5,26,18,20,1,22,30,58,85,102,79,78,97,56,66,81,84,80,55,101,62,82,91,51,86,74,54,88,73,90,68,87,100,63,92,99,57,59,71,52,83,61
28,41,50,25,8,47,16,18,49,44,43,14,2,48,9,34,40,10,17,30,32,33,26,15,3,38,27,4,31,37,39,36,12,13,74,96,53,54,82,62,64,72,65,52,94,88,67,90,89,58,91,83,75,80,51,99,97,87,66,93,63,76,78,70,101,61,85,71,77
16,48,33,3,9,40,7,23,29,41,28,20,42,21,27,25,18,4,39,45,30,38,26,37,34,22,2,5,47,31,24,36,35,14,77,83,58,90,87,93,59,69,65,94,82,52,95,54,57,63,66,55,92,76,97,89,61,64,79,81,101,85,73,74,60,88,98,96,102
6,30,35,32,42,33,24,18,31,44,8,21,45,43,50,1,17,47,37,34,49,15,4,29,12,25,22,39,27,7,11,9,48,2,87,70,58,76,98,100,55,75,99,95,97,86,66,69,72,64,65,94,67,91,73,61,93,88,68,80,78,74,60,102,57,101,62,79,82
20,2,31,42,14,13,33,39,23,29,27,17,7,45,10,12,21,25,4,3,18,30,50,9,19,28,48,5,41,15,24,1,46,32,91,84,92,67,60,85,69,100,76,56,65,58,73,52,101,68,54,97,72,61,86,82,63,93,102,74,96,57,83,55,70,64,80,98,88
11,44,32,40,3,47,25,27,17,8,36,50,14,30,1,48,9,19,46,4,37,45,38,20,15,28,26,34,16,10,13,21,49,18,60,91,89,67,82,63,84,94,85,102,65,52,73,77,58,54,86,72,74,101,68,99,79,57,70,92,90,71,56,75,88,53,98,55,64
17,11,45,13,23,35,9,22,37,42,21,18,8,38,43,36,3,25,7,4,15,14,40,2,48,1,41,32,27,30,24,16,5,19,69,59,66,74,101,56,58,86,62,94,87,98,80,70,55,96,76,64,84,63,65,85,92,73,88,100,61,90,81,97,67,52,83,60,102
38,50,25,45,43,14,49,13,27,2,19,20,30,4,35,11,8,40,36,44,37,48,23,17,16,22,42,24,34,21,26,15,3,41,99,71,67,101,60,89,56,63,73,83,57,82,61,54,96,66,74,98,86,79,95,91,69,78,70,93,80,87,88,97,102,84,77,72,76
50,12,2,1,11,3,18,29,31,17,39,19,36,15,7,38,8,25,45,26,6,33,23,5,48,16,40,21,43,35,30,41,10,14,94,100,93,83,87,63,72,91,88,61,77,101,64,90,67,97,76,66,69,85,96,99,81,84,51,58,57,60,75,68,92,56,79,59,74
30,49,43,17,6,19,22,32,47,1,24,46,9,31,7,36,37,27,5,48,45,33,20,34,50,12,42,28,13,16,14,44,15,8,57,56,87,99,82,71,70,91,80,69,97,60,86,93,78,79,102,89,84,54,100,90,94,61,96,55,92,83,88,52,101,67,66,95,65
24,31,15,6,11,28,36,8,33,23,19,18,1,29,34,22,17,41,5,14,38,25,20,39,42,46,13,48,7,16,47,44,45,35,59,56,60,80,64,55,73,70,72,54,84,95,98,92,63,93,87,67,51,77,90,57,86,94,79,65,100,53,97,62,68,52,91,96,85
31,41,42,24,7,47,14,6,26,19,1,2,38,9,28,48,43,8,17,49,4,15,27,12,36,3,18,32,10,33,22,29,44,50,86,89,62,69,63,101,73,91,75,94,100,85,54,58,71,84,78,93,70,90,102,87,53,59,95,98,77,72,64,55,97,52,79,61,81
50,27,8,12,15,45,26,47,31,18,30,49,34,43,42,44,46,6,35,13,25,4,39,36,33,17,29,37,40,41,3,20,32,9,83,57,87,56,68,72,73,54,77,66,85,92,80,71,59,51,89,88,53,82,96,81,60,69,64,86,61,70,90,65,98,63,100,97,76
7,20,47,13,9,3,29,8,44,12,45,33,25,24,49,17,50,23,40,27,10,22,41,48,19,46,11,2,14,35,34,15,26,1,84,73,81,101,91,85,59,71,96,76,78,62,56,79,74,69,94,83,87,67,95,88,53,93,66,75,82,52,98,61,92,99,77,89,100
8,10,33,39,41,20,47,36,37,23,24,28,35,15,12,46,25,9,48,40,27,13,14,42,6,43,26,44,1,30,21,32,34,16,85,94,101,73,81,52,59,67,87,77,86,88,51,99,69,71,76,68,58,74,61,75,55,83,95,63,92,98,102,57,89,66,82,78,54
48,35,24,31,46,4,32,8,25,39,13,14,3,12,5,9,33,22,41,18,45,44,17,2,1,36,16,26,43,50,23,47,27,34,64,73,79,84,99,81,100,75,96,51,87,86,62,74,92,71,52,83,56,59,82,65,90,85,72,54,94,58,53,77,101,98,55,67,69
47,46,17,36,33,35,10,19,40,39,24,20,6,25,29,26,42,8,48,27,44,13,49,9,7,3,12,32,5,41,38,4,18,1,72,67,87,102,76,89,85,99,61,92,98,55,73,52,80,58,81,82,88,95,63,59,51,86,94,101,90,57,78,70,69,64,62,91,75
33,44,50,49,12,24,22,39,16,14,32,46,29,30,7,26,3,34,41,36,13,20,21,10,42,8,40,15,5,45,2,4,11,31,66,75,73,91,55,89,67,85,52,86,100,94,53,56,71,79,99,96,90,54,62,87,70,68,98,83,65,63,84,64,61,93,74,57,69
50,43,17,35,29,21,26,16,32,6,36,28,13,41,4,37,39,48,1,38,20,14,3,24,5,47,2,15,9,12,44,18,7,42,100,68,88,72,73,98,75,71,62,74,76,82,94,77,61,51,70,54,78,86,67,53,93,56,57,97,92,55,58,89,87,81,91,99,64
42,5,45,18,7,13,21,24,32,36,44,27,48,34,37,3,49,31,2,10,26,41,11,40,12,17,9,19,1,30,47,8,6,16,64,88,99,71,56,73,90,78,61,81,100,53,57,84,65,68,91,76,98,102,82,93,70,58,72,69,86,77,62,94,85,92,80,75,54
30,28,50,11,5,21,44,16,29,19,48,40,20,4,17,33,23,27,26,36,1,2,35,8,14,6,43,39,47,41,24,12,7,37,70,89,63,68,54,98,87,77,67,64,72,81,97,59,52,56,71,94,74,82,66,96,92,57,69,73,84,101,53,60,86,55,90,91,62
4,48,7,11,21,41,17,49,16,1,31,10,26,18,36,20,33,12,15,29,35,9,3,25,28,8,27,6,2,22,45,34,37,32,85,101,97,87,71,55,78,80,86,63,98,64,95,53,67,100,89,59,69,68,72,54,102,77,90,88,62,60,82,76,96,61,74,99,81
50,2,32,4,26,31,14,20,41,29,16,22,5,33,1,27,36,19,7,35,46,23,6,8,13,40,21,38,49,45,37,25,3,28,97,74,75,57,80,81,102,98,63,60,59,62,82,76,100,71,72,69,70,87,51,95,99,84,55,90,67,54,94,88,56,93,78,77,73
28,30,48,22,50,6,27,31,1,36,43,5,42,2,34,21,23,46,47,10,24,37,3,19,25,11,35,33,45,8,38,14,20,29,74,61,67,101,81,73,69,78,55,95,76,91,51,90,96,102,83,88,54,66,65,84,77,60,93,72,62,58,89,59,71,75,82,98,53
36,3,50,41,5,21,22,17,47,35,24,16,43,6,4,13,9,34,27,42,28,31,15,39,10,44,48,19,32,14,46,23,25,12,80,101,70,78,82,61,68,64,52,51,85,74,59,90,75,56,84,67,53,92,94,65,83,73,89,81,96,102,55,88,58,57,95,76,98
37,40,2,36,13,31,10,27,34,42,14,33,8,44,18,49,50,4,22,21,43,46,32,9,38,23,15,30,25,20,41,47,48,11,57,56,55,64,88,102,60,78,86,59,74,85,71,61,63,81,68,66,91,52,79,82,94,65,77,93,53,80,75,62,73,69,96,97,83
26,30,2,8,12,11,3,16,36,35,21,25,48,18,50,23,15,33,6,9,37,5,10,27,19,24,47,32,39,46,41,45,40,20,76,64,69,66,83,96,58,101,89,59,85,54,75,62,68,82,56,81,95,88,97,53,92,99,77,74,100,93,73,70,71,57,80,55,61
7,5,10,29,31,17,24,12,35,30,9,37,13,38,16,45,33,46,2,1,43,21,41,4,47,6,11,8,50,26,39,18,49,23,94,98,64,88,79,63,102,76,67,73,89,80,57,91,65,78,72,81,77,97,95,51,96,62,82,83,59,93,71,66,90,75,60,53,100
14,18,45,48,17,11,6,31,19,22,49,44,27,41,2,33,9,13,38,29,46,28,16,25,5,15,36,35,34,24,8,7,50,42,87,61,76,81,96,95,85,62,75,67,65,71,64,89,101,99,57,69,60,78,55,54,97,53,59,72,68,92,66,79,80,51,58,63,94
16,41,34,1,17,45,26,32,2,31,35,50,29,49,14,43,42,6,44,48,30,37,11,19,8,21,15,7,12,46,38,18,25,9,76,75,70,60,84,101,79,62,52,63,64,86,83,67,71,97,66,98,56,57,99,54,59,92,68,85,89,72,77,58,87,55,100,61,69
12,4,5,41,32,24,28,15,22,40,27,37,39,31,23,49,9,19,48,13,1,8,21,25,43,26,35,7,2,14,46,50,33,29,53,91,100,99,63,70,57,90,88,75,65,94,85,83,51,59,89,73,78,66,58,96,60,64,55,87,93,54,98,74,79,72,52,76,95
47,27,29,31,41,45,12,6,8,33,2,11,35,34,9,26,36,49,40,37,20,17,39,4,7,14,25,23,38,16,48,42,44,32,86,70,92,81,58,94,74,80,90,73,101,66,64,67,95,78,99,87,76,60,72,57,65,100,88,93,96,53,75,102,98,91,55,61,89
41,15,46,43,16,38,25,12,28,50,35,29,40,42,34,23,32,17,4,11,47,49,21,14,44,33,6,20,37,19,13,10,30,2,71,61,86,53,77,56,76,69,52,97,101,70,63,85,67,66,90,94,78,100,80,89,64,81,65,59,91,84,102,75,82,96,99,83,87
47,13,15,46,9,40,48,12,16,5,4,34,39,30,27,43,42,6,20,23,28,38,45,41,44,17,2,32,25,33,14,11,7,19,60,99,92,79,52,76,59,95,72,88,101,54,80,71,61,68,51,64,84,75,83,81,90,56,100,55,89,77,67,86,70,82,57,94,102
24,6,3,40,43,29,7,26,23,35,25,49,44,41,38,36,15,42,22,45,10,1,11,48,28,16,33,18,21,47,32,9,34,39,91,86,99,93,78,80,67,72,102,96,55,73,82,92,71,68,95,52,65,64,59,69,100,83,58,77,51,62,76,84,54,88,53,90,87
21,36,25,15,18,27,48,28,9,4,20,50,43,3,46,49,5,6,44,45,35,14,12,38,39,40,29,41,10,37,32,13,24,30,94,88,64,55,57,73,99,96,89,87,77,82,80,86,59,74,93,53,92,98,67,97,90,101,76,95,85,75,81,79,60,54,61,52,102
14,21,26,43,41,35,15,45,7,10,34,16,23,28,6,47,11,42,3,12,9,33,31,50,2,20,48,27,39,40,25,37,1,5,89,57,86,87,82,99,65,51,55,85,75,83,74,93,100,70,56,59,96,77,72,66,101,63,98,62,95,54,78,80,92,73,61,58,84
47,37,7,10,1,17,3,49,14,33,27,18,5,20,28,45,44,39,41,46,21,2,25,9,16,13,29,6,50,12,42,26,48,11,71,79,102,74,68,78,75,63,93,85,73,101,76,56,69,83,100,96,92,86,82,61,97,99,51,77,58,88,91,62,84,55,67,98,87
29,21,22,36,16,48,40,27,15,46,14,9,18,11,26,39,30,42,31,5,17,12,32,45,50,41,23,37,10,28,6,49,24,3,100,98,70,95,54,96,56,61,55,76,84,82,102,91,79,68,63,51,81,53,90,78,69,94,83,101,97,57,92,75,67,74,73,88,86
17,43,7,37,38,11,21,3,36,15,25,27,50,24,18,49,6,41,35,10,9,47,8,32,39,5,16,13,20,46,23,2,42,34,82,97,98,76,73,99,62,86,102,69,90,65,71,59,80,91,54,89,66,88,60,83,77,78,96,85,75,101,92,81,51,79,68,84,52
12,46,33,32,47,5,6,16,4,40,3,35,21,2,10,1,19,31,15,42,41,38,50,39,26,11,49,37,23,27,25,8,48,9,62,96,68,54,60,74,80,87,65,100,63,94,61,82,85,97,76,52,79,64,77,101,73,88,78,89,71,67,102,95,90,59,93,84,51
50,43,28,7,1,39,15,2,41,11,26,12,30,48,42,18,13,46,3,16,40,5,17,27,49,10,44,31,21,22,19,32,9,35,81,62,67,56,95,87,76,100,54,51,72,69,63,65,70,89,75,85,60,68,83,77,61,64,88,71,79,73,97,90,96,52,102,66,53
9,46,42,11,30,25,37,20,5,47,49,16,39,41,2,22,10,33,43,24,27,12,31,32,26,35,23,48,17,21,29,28,7,19,51,74,82,61,87,102,72,77,65,99,57,90,52,53,62,66,76,85,97,78,88,56,55,69,100,73,81,91,89,59,67,98,80,70,95
4,1,8,36,32,29,31,2,7,20,19,46,5,15,39,47,14,37,24,49,33,42,45,48,3,41,17,40,43,18,23,44,6,38,65,78,88,75,51,99,62,85,63,76,58,97,101,91,74,89,56,84,86,71,81,79,70,96,93,59,83,77,98,69,92,52,66,80,57
7,30,48,21,13,24,28,40,50,8,43,12,5,23,47,4,39,11,29,1,17,16,6,18,25,10,36,46,20,37,2,26,44,27,52,65,66,58,63,91,100,56,79,64,95,87,102,73,99,89,82,60,51,77,83,72,94,93,67,75,68,80,53,78,98,69,59,88,70
18,3,12,41,7,24,39,10,22,11,4,40,5,29,25,31,43,19,13,23,14,46,27,1,6,34,15,33,49,32,30,26,47,36,82,71,64,87,52,90,97,57,68,99,54,60,81,100,88,56,78,84,86,83,73,51,62,95,79,59,85,61,91,98,89,66,70,75,65
20,8,45,30,12,36,22,32,48,41,19,9,38,24,31,40,37,5,33,13,44,21,3,11,14,28,15,17,10,49,50,47,4,29,83,81,68,90,92,71,75,51,91,98,63,100,94,77,82,87,53,70,93,59,88,78,67,73,79,85,102,86,61,66,56,96,57,101,76
4,1,33,50,17,39,29,42,11,22,23,35,2,47,13,6,48,28,41,16,12,40,26,5,36,14,25,45,18,21,31,3,7,15,71,95,98,89,54,84,74,76,57,56,100,60,81,97,82,73,58,63,78,86,80,83,85,102,59,92,51,61,68,66,52,53,99,62,70
34,29,33,2,41,16,4,28,7,23,17,40,3,24,5,39,26,21,30,18,37,15,42,46,38,36,47,19,9,25,32,35,43,44,73,97,81,84,96,62,58,57,82,98,102,100,91,68,99,75,52,101,78,56,69,74,76,89,65,64,77,92,90,80,86,53,71,54,55
39,48,33,10,42,38,2,5,27,36,29,49,21,35,9,23,26,18,3,40,19,17,12,28,25,13,46,44,45,24,11,37,16,14,55,58,88,73,101,72,71,99,93,90,67,76,59,54,97,61,84,77,53,100,65,96,52,74,78,92,75,95,68,62,79,63,69,85,64
34,7,23,6,12,40,48,36,41,26,20,29,37,22,45,42,14,21,35,24,13,33,9,19,10,49,4,18,32,39,47,30,3,15,96,77,62,98,97,83,101,76,71,67,88,65,80,94,52,90,66,85,54,84,55,100,102,61,87,60,91,59,53,68,70,79,92,81,93
11,5,25,13,20,41,36,2,32,22,24,34,49,17,6,16,37,1,38,44,48,29,39,14,43,35,9,15,47,30,21,33,23,31,85,93,55,84,96,73,87,90,66,74,51,65,75,63,59,95,77,92,70,71,79,60,83,57,102,53,61,97,94,62,101,54,69,80,98
43,42,6,38,23,48,12,16,50,2,34,45,18,27,28,21,26,5,32,22,39,7,17,24,36,41,49,4,9,13,40,3,30,19,64,86,92,69,52,87,54,70,94,74,85,71,75,80,78,57,101,62,84,88,91,53,60,102,58,68,63,82,100,55,96,76,72,77,56
35,20,36,31,40,44,41,39,12,7,49,33,22,42,27,37,1,2,8,19,45,46,4,16,24,10,6,23,11,21,5,30,13,3,69,67,96,90,74,98,53,54,101,76,75,62,83,85,65,58,66,72,61,82,89,94,100,60,86,92,77,70,87,51,93,68,57,99,102
42,47,7,8,22,41,36,1,15,6,23,14,3,21,35,50,46,11,19,40,17,9,26,39,31,34,28,49,12,38,44,29,37,10,88,82,63,53,71,98,67,89,102,79,73,62,100,78,101,60,66,99,75,81,92,52,91,61,59,56,70,84,65,58,86,83,68,72,77
14,37,12,16,50,18,36,13,22,9,32,28,45,3,44,38,27,10,35,2,11,21,42,48,31,17,7,39,43,30,34,47,25,5,84,100,97,95,62,86,89,54,92,93,78,53,90,51,73,81,64,102,77,99,87,59,75,65,71,80,60,85,83,98,57,68,76,58,66
22,31,16,32,43,35,3,48,28,27,30,20,13,9,6,49,38,18,21,50,40,10,7,41,2,4,42,46,8,47,11,24,5,17,67,99,87,81,51,82,98,83,96,69,78,80,60,84,93,54,76,102,62,79,70,56,86,68,94,88,95,74,57,63,55,75,100,52,58
12,18,10,4,1,22,30,31,41,26,16,15,45,5,49,7,21,33,9,17,35,14,25,43,44,34,13,40,29,46,27,2,36,32,97,65,91,64,100,96,66,54,84,67,70,62,92,89,83,80,76,98,51,59,58,74,101,99,81,53,63,61,94,52,90,75,69,60,68
28,29,42,5,36,45,50,23,26,38,48,8,32,41,27,46,11,7,43,39,30,14,47,44,1,10,4,24,20,35,17,25,18,31,92,100,57,99,85,63,87,66,81,86,51,56,78,94,80,89,68,96,73,58,69,64,79,53,65,71,82,76,54,61,97,72,59,83,91
50,26,12,15,6,24,42,31,44,39,28,36,16,5,19,43,3,7,47,11,17,41,18,29,49,9,30,1,23,13,32,10,20,40,93,70,94,59,77,64,73,54,74,61,69,100,71,72,95,85,83,101,89,91,98,84,79,96,58,55,51,97,63,87,82,62,65,67,90
31,11,46,9,43,12,17,20,49,41,40,50,10,21,16,2,6,37,28,30,1,45,25,38,15,39,33,47,32,14,19,26,34,27,97,57,84,59,52,96,98,55,101,70,83,69,74,99,60,90,75,100,51,64,86,56,65,53,88,78,93,58,63,67,95,85,66,71,91
45,19,16,31,49,42,4,30,25,48,8,23,20,47,44,46,43,27,34,3,1,26,22,11,6,2,41,39,24,18,10,40,32,12,85,82,98,84,99,101,63,70,93,78,53,60,79,68,66,77,72,65,75,88,86,73,100,92,91,67,52,74,64,94,97,56,62,58,83
26,44,20,28,5,32,16,17,1,41,22,37,47,34,18,38,24,42,49,3,48,6,21,7,9,40,30,50,19,14,35,31,15,36,84,86,76,102,88,82,89,77,94,63,79,56,51,85,91,80,87,69,61,92,95,53,93,58,62,52,101,90,68,81,57,98,60,67,71
21,36,40,49,50,27,14,47,42,44,6,5,20,26,38,18,30,37,12,23,46,48,34,43,1,24,9,17,10,7,13,15,45,35,70,74,72,65,89,62,66,73,58,77,53,54,93,57,85,71,80,101,59,90,51,68,69,91,97,82,100,99,83,55,76,87,81,102,75
46,24,42,43,4,13,48,28,11,20,31,15,3,16,14,5,17,22,26,49,32,47,1,8,50,29,23,9,35,39,40,36,41,34,98,81,71,91,54,67,60,89,86,66,99,55,53,77,57,65,76,94,72,93,80,52,51,83,74,63,102,61,69,92,96,90,70,100,75
6,4,50,9,18,47,31,25,34,17,29,44,21,46,11,48,39,13,1,3,8,30,37,2,16,12,43,35,28,26,38,33,5,41,82,51,97,94,92,63,100,85,62,83,65,79,98,91,70,68,77,53,86,93,52,73,90,54,74,69,58,101,96,64,81,84,89,76,67
24,23,12,17,47,38,43,22,3,37,39,41,18,26,6,25,31,32,35,49,34,33,11,28,13,9,4,42,27,7,48,14,1,40,63,66,54,68,56,101,96,89,84,58,95,52,57,67,88,91,69,71,99,61,75,59,102,87,80,51,100,86,94,79,55,93,78,72,81
24,15,47,38,48,30,49,31,44,35,45,20,32,40,33,26,19,14,12,1,23,13,2,41,7,16,17,11,27,3,42,28,5,10,61,82,93,54,55,83,57,89,75,56,95,77,51,92,98,74,99,66,64,84,102,91,79,100,80,71,76,78,67,63,86,59,88,73,58
37,19,21,39,33,38,43,13,12,4,47,30,17,31,16,45,48,2,35,25,9,15,7,20,34,44,23,5,11,41,26,50,8,6,66,96,74,88,60,55,75,52,97,57,99,53,91,79,62,72,63,98,100,80,73,90,81,67,51,84,101,95,68,71,85,102,61,94,65
6,12,11,32,43,45,7,30,19,26,9,20,21,3,40,8,42,15,5,39,13,34,44,49,23,22,46,47,18,16,50,37,25,17,67,100,96,71,94,57,56,51,66,93,83,55,91,58,95,53,84,86,102,63,69,75,76,61,70,77,81,97,52,101,74,68,88,72,64
29,9,48,44,43,33,39,27,38,26,19,24,5,30,20,31,40,49,13,12,6,4,21,32,46,15,7,11,22,16,42,34,23,14,66,69,70,80,62,94,59,90,68,58,57,91,67,85,89,73,52,97,51,77,56,98,63,72,60,102,64,83,92,71,99,81,79,65,86
43,45,48,14,1,25,18,35,4,44,32,33,36,31,30,38,46,21,3,8,20,27,42,49,9,19,23,50,6,47,41,29,34,13,67,64,61,73,96,85,93,52,62,95,101,89,80,97,94,74,87,77,65,76,92,81,102,78,69,54,58,100,88,84,59,98,56,68,99
26,40,34,46,1,20,24,42,10,3,6,8,33,2,44,36,15,12,29,22,16,49,21,38,47,28,14,25,30,18,19,32,43,27,56,78,100,98,90,72,74,102,101,59,89,76,51,54,57,95,63,73,64,65,52,91,81,83,87,77,53,93,58,80,84,75,66,86,71
